Name   	 Mass (hand)  	 Miss (hand) 	 Mass (alg)  	 Miss (alg) 	 dV
GS103+07-018*   	      85400.0 	      82800.0 	      40926.9 	     309490.3 	      20600.0 
GS116-06-042*   	      24900.0 	      18900.0 	      14533.0 	      77952.9 	      16500.0 
GS093-14-021*   	      88800.0 	      45000.0 	      57747.8 	     238161.2 	      22700.0 
GS120+16-067*   	      65400.0 	      37900.0 	      33802.8 	      46301.5 	      22700.0 
GS109+06-032   	      25000.0 	      16500.0 	      11692.0 	      52646.1 	      20600.0 
GS098-25-018*   	      10800.0 	      10800.0 	       7224.9 	      14355.2 	      21600.0 
GS100+09-040*   	      53400.0 	      29900.0 	      38874.9 	     101162.2 	      14400.0 
GS093+11-034*   	      25400.0 	      12800.0 	       9193.5 	      18410.1 	      19600.0 
GS098+24-032   	       9550.0 	       8060.0 	       6282.4 	      26414.9 	      27800.0 
GS101-13-056*   	     240000.0 	     169000.0 	     149667.1 	     149744.8 	      36100.0 
GS105-03-061   	     224000.0 	     124000.0 	      58768.6 	     105543.2 	      16500.0 
GS110-04-067   	      78000.0 	      71500.0 	      37771.0 	     151477.4 	      32000.0 
GS108+00-075*   	      46700.0 	      28600.0 	      24040.5 	     147169.5 	      18600.0 
GS117+08-076*   	      54900.0 	      39200.0 	      28812.8 	     185351.7 	      19600.0 
GS202+05+031   	      17400.0 	       9220.0 	      15884.0 	     109151.1 	      20600.0 
GS139+06-054*   	      32000.0 	       8720.0 	      12084.4 	      54215.8 	       9200.0 
GS142-01-057   	      20300.0 	      12600.0 	      10909.2 	     168034.0 	      12400.0 
GS153-10-026*   	      15500.0 	      15500.0 	       9370.3 	       9551.8 	      10300.0 
GS130+00-068*   	      15200.0 	       8250.0 	       7562.5 	       7600.5 	       6200.0 
GS161+03-036   	     345000.0 	     194000.0 	      88900.0 	     275867.1 	       8200.0 
GS218-05+037*   	       8040.0 	       8030.0 	      10916.2 	      51538.1 	       5200.0 
GS224-18+036   	       2950.0 	       2190.0 	      10332.5 	      11198.9 	      16500.0 
GS240-13+064*   	      16000.0 	      14500.0 	      12643.9 	      13272.7 	      13400.0 
GS257+09+037   	      49900.0 	      28600.0 	      20340.1 	      57061.4 	      23700.0 
GS257-25+030*   	       5790.0 	       3040.0 	       4825.8 	       7579.3 	      13400.0 
GS262-09+048*   	      55200.0 	      39500.0 	      25160.8 	      25055.3 	      17500.0 
GS264-04+044   	      39000.0 	      22300.0 	       8339.0 	      23034.7 	       7200.0 
GS252-04+074*   	     114000.0 	      78200.0 	     159423.6 	     298190.1 	       9300.0 
GS263-08+068*   	     137000.0 	     119000.0 	      95666.1 	     182140.0 	      17500.0 
GS089-21-025*   	      32600.0 	      40500.0 	      44920.5 	      68690.3 	      11300.0 
GS109+16-033*   	      65400.0 	      72400.0 	      19910.6 	      78697.4 	      42500.0 
GS120+08-028   	      32000.0 	      19700.0 	       7042.1 	      55477.8 	      27800.0 
GS153-10-026*   	      17800.0 	      10100.0 	       9370.3 	       9551.8 	      10300.0 
GS247+06+055*   	       8790.0 	      11200.0 	       8083.0 	      35110.4 	      11300.0 
GS246-05+086   	      26700.0 	      19400.0 	      10512.4 	       7652.4 	      12400.0 
GS142-01-057   	      78600.0 	     101000.0 	      10909.2 	     168034.0 	      12400.0 
268+00+108   	          NaN 	          NaN 	     165214.3 	     265814.6 	      11300.0 
268+06+036*   	          NaN 	          NaN 	      15070.7 	      24708.6 	      15500.0 
266-05+096*   	          NaN 	          NaN 	     178160.8 	     499034.4 	      13400.0 
265-10+080*   	          NaN 	          NaN 	       6408.0 	      30431.8 	      10300.0 
265+05+043*   	          NaN 	          NaN 	      16551.7 	     107842.5 	      10300.0 
264+23+019*   	          NaN 	          NaN 	      14429.0 	      18908.6 	       5200.0 
263-02+093   	          NaN 	          NaN 	      37759.8 	      44610.8 	       8200.0 
263+09+042*   	          NaN 	          NaN 	       3684.5 	      32118.4 	      18600.0 
262-08+091*   	          NaN 	          NaN 	      20124.4 	      71778.3 	      12400.0 
262-01+110   	          NaN 	          NaN 	      19859.9 	      69307.4 	       6200.0 
260-05+104   	          NaN 	          NaN 	      26714.6 	     144826.5 	       6200.0 
258+22+020   	          NaN 	          NaN 	      14123.5 	      14221.3 	      11300.0 
256+00+079   	          NaN 	          NaN 	      15778.1 	      44487.0 	       6200.0 
254-05+080   	          NaN 	          NaN 	      39302.1 	     154949.0 	       9300.0 
254+30+016*   	          NaN 	          NaN 	      14755.8 	      14619.8 	      13400.0 
252-03+039   	          NaN 	          NaN 	       8454.7 	      42867.6 	      10300.0 
252+02+052*   	          NaN 	          NaN 	      29188.6 	      44953.4 	       9300.0 
252-21+031*   	          NaN 	          NaN 	       3141.0 	      24362.9 	      10300.0 
252+04+064*   	          NaN 	          NaN 	      17237.2 	      33561.1 	      14400.0 
251-02+111   	          NaN 	          NaN 	      77970.3 	     113663.1 	      22700.0 
250-14+055*   	          NaN 	          NaN 	      23861.5 	      73425.6 	      13400.0 
247-13+045*   	          NaN 	          NaN 	       7784.5 	      33804.1 	      16500.0 
246-01+109   	          NaN 	          NaN 	      39622.7 	      39101.3 	       9300.0 
246-06+055   	          NaN 	          NaN 	      27521.4 	      48679.3 	      11300.0 
246+00+100   	          NaN 	          NaN 	      45173.1 	     180582.1 	       8300.0 
243-15+047*   	          NaN 	          NaN 	      61849.8 	     165019.5 	      12400.0 
243-10+053   	          NaN 	          NaN 	      15307.3 	      26467.2 	      27800.0 
243+06+047*   	          NaN 	          NaN 	       2996.7 	       4420.9 	       7200.0 
241-19+035*   	          NaN 	          NaN 	       2752.2 	       4488.1 	      10300.0 
241+08+066   	          NaN 	          NaN 	       6092.8 	       9006.9 	      17500.0 
240-08+051   	          NaN 	          NaN 	       1179.4 	       4888.7 	       5200.0 
238+02+068*   	          NaN 	          NaN 	      30276.6 	     131561.3 	      15500.0 
238-07+057   	          NaN 	          NaN 	       3913.5 	      15969.7 	       6200.0 
237+11+032*   	          NaN 	          NaN 	       4631.7 	       5791.6 	       7200.0 
235-03+083   	          NaN 	          NaN 	      11200.3 	      39123.2 	       9300.0 
231+01+087   	          NaN 	          NaN 	      79239.7 	     127350.1 	      14400.0 
229-02+094   	          NaN 	          NaN 	      21341.9 	      30382.1 	       8200.0 
226-07+039   	          NaN 	          NaN 	       4874.9 	      25295.9 	      15500.0 
224+07+038   	          NaN 	          NaN 	       3619.1 	      53009.1 	      15500.0 
220+00+048   	          NaN 	          NaN 	       9959.6 	      14017.6 	       6200.0 
219-27+023*   	          NaN 	          NaN 	      10033.5 	      46228.1 	       9600.0 
218+03+055   	          NaN 	          NaN 	       1659.0 	      27715.8 	       7200.0 
217-03+065   	          NaN 	          NaN 	       6488.2 	      10992.2 	       6200.0 
216-21+035*   	          NaN 	          NaN 	       5921.1 	       8943.2 	      19600.0 
215-11+033   	          NaN 	          NaN 	      10455.2 	      11609.1 	       6200.0 
208-36+016*   	          NaN 	          NaN 	       2779.5 	       4239.2 	      10300.0 
206+07+051   	          NaN 	          NaN 	      18458.4 	      45660.3 	      15500.0 
203+09+025*   	          NaN 	          NaN 	       3326.0 	       4436.1 	      12400.0 
202+05+031   	          NaN 	          NaN 	      15884.0 	     109151.1 	      20600.0 
199-39+022   	          NaN 	          NaN 	       7423.1 	      14625.5 	       6200.0 
199+02+033   	          NaN 	          NaN 	       9052.3 	      41977.1 	       9300.0 
163+09-048   	          NaN 	          NaN 	     698335.9 	    1940077.6 	      16500.0 
158-27-039   	          NaN 	          NaN 	      13650.9 	      20974.6 	      14400.0 
157-02-049   	          NaN 	          NaN 	        783.3 	      38161.1 	       8300.0 
157+03-044   	          NaN 	          NaN 	        215.2 	      43586.9 	       9300.0 
156+32-053   	          NaN 	          NaN 	      12395.3 	      23529.5 	       9300.0 
154+35-057   	          NaN 	          NaN 	     769478.7 	     772931.0 	      14400.0 
154+00-071   	          NaN 	          NaN 	      35409.7 	     120047.1 	       9300.0 
153+34-052   	          NaN 	          NaN 	      37410.8 	      46143.6 	      11300.0 
153-05-029*   	          NaN 	          NaN 	      14967.4 	      91349.8 	       6200.0 
152-03-078   	          NaN 	          NaN 	      75713.7 	     186581.2 	       9300.0 
150+05-058   	          NaN 	          NaN 	     127033.3 	     718644.3 	      17500.0 
147+41-056   	          NaN 	          NaN 	     102821.0 	     139319.1 	      12400.0 
147-09-056   	          NaN 	          NaN 	      18728.7 	      50628.5 	       9300.0 
146+06-045*   	          NaN 	          NaN 	      49781.2 	      49606.0 	      11300.0 
146-05-078   	          NaN 	          NaN 	     154614.5 	     209818.2 	      12400.0 
146-48-016   	          NaN 	          NaN 	       2755.5 	      13248.2 	       8200.0 
145+38-058   	          NaN 	          NaN 	      36853.7 	      34076.8 	      12400.0 
145-09-066   	          NaN 	          NaN 	      49641.4 	     109666.3 	      12400.0 
142-15-030*   	          NaN 	          NaN 	       1192.5 	       7894.5 	      13400.0 
141-05-041*   	          NaN 	          NaN 	      24256.0 	     183291.0 	      20600.0 
141+18-057   	          NaN 	          NaN 	     127737.8 	    1685538.8 	      16500.0 
139+09-067   	          NaN 	          NaN 	      22610.8 	      25664.8 	      13400.0 
138+08-077   	          NaN 	          NaN 	      48995.0 	     148993.0 	       9300.0 
137+06-029*   	          NaN 	          NaN 	       5701.1 	      18812.5 	      15500.0 
136+05-102   	          NaN 	          NaN 	     122076.8 	     165403.5 	      14400.0 
136-04-077   	          NaN 	          NaN 	      45973.2 	     105061.2 	      10300.0 
135+08-057   	          NaN 	          NaN 	       5136.4 	      28605.8 	      11300.0 
135+05-081   	          NaN 	          NaN 	      84585.6 	     268636.2 	      12400.0 
135+02-090   	          NaN 	          NaN 	      59041.5 	      78307.2 	      11300.0 
134+11-044*   	          NaN 	          NaN 	       5719.5 	      16778.2 	       9300.0 
133-03-063   	          NaN 	          NaN 	      10501.8 	      36492.0 	       7200.0 
132+04-106   	          NaN 	          NaN 	      29061.6 	     106078.2 	       7200.0 
132-01-078   	          NaN 	          NaN 	       2590.2 	     105636.4 	      10300.0 
132+01-109   	          NaN 	          NaN 	      51411.6 	      85892.9 	       9300.0 
131-05-067*   	          NaN 	          NaN 	      12887.7 	      40519.4 	      24700.0 
130-04-096   	          NaN 	          NaN 	      22289.4 	      73246.1 	      17500.0 
130+00-101   	          NaN 	          NaN 	      73788.0 	     124064.3 	       7200.0 
128-07-066*   	          NaN 	          NaN 	      10137.1 	      15659.0 	      15500.0 
128+01-103   	          NaN 	          NaN 	     238941.0 	     302050.7 	       9300.0 
127-01-082   	          NaN 	          NaN 	     498170.0 	     749247.7 	      18600.0 
127-02-069   	          NaN 	          NaN 	      31520.4 	     174044.8 	      13400.0 
127-05-066*   	          NaN 	          NaN 	       9677.8 	       7689.1 	      11300.0 
126+00-112   	          NaN 	          NaN 	      58175.5 	     118243.3 	       9300.0 
126+05-123   	          NaN 	          NaN 	     111067.9 	     109481.4 	      15500.0 
126+01-061   	          NaN 	          NaN 	      13740.6 	      24926.5 	       7200.0 
125-04-072   	          NaN 	          NaN 	       8244.5 	      48702.1 	      26800.0 
123+01-060*   	          NaN 	          NaN 	       7211.8 	      41522.5 	      12400.0 
121+24-023*   	          NaN 	          NaN 	       6923.6 	      30595.0 	      20600.0 
120+02-059*   	          NaN 	          NaN 	       9627.5 	      34441.1 	      10300.0 
120+03-095   	          NaN 	          NaN 	     128133.8 	     598101.8 	      16500.0 
120-17-043*   	          NaN 	          NaN 	      40414.8 	     238465.2 	      29900.0 
116+02-061*   	          NaN 	          NaN 	      13574.9 	      17820.1 	       9300.0 
116+06-059*   	          NaN 	          NaN 	      16968.9 	     202348.2 	      13400.0 
116+04-089   	          NaN 	          NaN 	       9173.7 	      34772.4 	       8200.0 
116-09-062*   	          NaN 	          NaN 	      18620.0 	      33448.5 	      24700.0 
115-01-059   	          NaN 	          NaN 	       6114.5 	      15806.2 	      15500.0 
115+04-048*   	          NaN 	          NaN 	      75412.5 	     100312.4 	      12400.0 
114+02-112   	          NaN 	          NaN 	      51620.9 	      81590.9 	       9300.0 
114-01-099   	          NaN 	          NaN 	      23783.8 	      83251.8 	      13400.0 
114+00-044*   	          NaN 	          NaN 	      65017.3 	      64900.3 	      12400.0 
113+18-023   	          NaN 	          NaN 	       1576.6 	      42596.9 	      18600.0 
113-02-107   	          NaN 	          NaN 	     135032.1 	     148346.6 	      17500.0 
113+01-086*   	          NaN 	          NaN 	      19350.4 	      52236.1 	      12400.0 
113+09-077*   	          NaN 	          NaN 	      41477.4 	      48007.9 	      34000.0 
113+05-063   	          NaN 	          NaN 	      41320.7 	     150373.4 	      18600.0 
112+08-130   	          NaN 	          NaN 	      42120.7 	      42373.7 	      12400.0 
112+20-035*   	          NaN 	          NaN 	      15771.1 	      62931.0 	      15500.0 
111+04-109   	          NaN 	          NaN 	      43430.1 	      72044.1 	       9300.0 
111+08-075*   	          NaN 	          NaN 	      17766.9 	      18711.3 	      11300.0 
111+33-081   	          NaN 	          NaN 	      12670.3 	      17547.8 	      19600.0 
111+03-080   	          NaN 	          NaN 	       3487.3 	       9355.1 	       9300.0 
110+02-117   	          NaN 	          NaN 	     388609.6 	     390816.8 	      20600.0 
110+05-114   	          NaN 	          NaN 	      42986.7 	      90176.2 	      14400.0 
108+24-029   	          NaN 	          NaN 	       6345.8 	       7751.2 	      16500.0 
107+04-052*   	          NaN 	          NaN 	      10043.1 	      44498.6 	      11300.0 
107+07-107   	          NaN 	          NaN 	      23653.7 	      69040.2 	      12400.0 
107+09-128   	          NaN 	          NaN 	     100630.7 	      98342.1 	       9300.0 
107+07-119   	          NaN 	          NaN 	     232768.0 	     235795.7 	      21600.0 
106-10-043*   	          NaN 	          NaN 	      13882.5 	      34852.9 	      23700.0 
105+09-021   	          NaN 	          NaN 	       5966.9 	      52788.6 	      27800.0 
104-20-035*   	          NaN 	          NaN 	      16699.8 	      34088.2 	      28900.0 
104+06-092*   	          NaN 	          NaN 	     139146.4 	     819068.7 	      27800.0 
103+08-129   	          NaN 	          NaN 	     216006.8 	     218242.4 	      18600.0 
103+03-113   	          NaN 	          NaN 	      36965.8 	      31732.6 	       7200.0 
102+00-085*   	          NaN 	          NaN 	     159412.2 	     406714.5 	      10300.0 
101+26-042*   	          NaN 	          NaN 	       9691.8 	      21965.5 	      26800.0 
100+05-101   	          NaN 	          NaN 	      45956.3 	      98794.9 	      15500.0 
100+29-042*   	          NaN 	          NaN 	       9565.9 	      12113.0 	      27800.0 
100+37-057   	          NaN 	          NaN 	       6972.8 	       7348.7 	       7200.0 
099-09-030*   	          NaN 	          NaN 	      10164.4 	      28174.8 	      21600.0 
098-01-046*   	          NaN 	          NaN 	      19678.1 	      43644.8 	      13400.0 
098+01-048*   	          NaN 	          NaN 	      57879.8 	     103638.5 	      11300.0 
097+00-028   	          NaN 	          NaN 	      25312.5 	      44757.4 	      21600.0 
094+08-043*   	          NaN 	          NaN 	      30995.4 	     243278.8 	      15500.0 
092+03-113   	          NaN 	          NaN 	      41082.9 	      37148.9 	      17500.0 
091+08-035*   	          NaN 	          NaN 	      35671.4 	     182676.8 	      23700.0 
091-04-067*   	          NaN 	          NaN 	     244592.8 	    2133998.0 	      35000.0 
091+06-115   	          NaN 	          NaN 	     105859.0 	     133165.8 	       9300.0 
