Name   	 Mass (hand)  	 Miss (hand) 	 Mass (alg)  	 Miss (alg) 	 dV
GS101-02-037   	     117000.0 	      66200.0 	      27768.1 	     137933.8 	      18600.0 
GS108-03-022   	      83100.0 	      52300.0 	       6063.9 	      78734.9 	      27800.0 
GS101+29-026   	      59300.0 	      49600.0 	       2731.9 	      83199.3 	      34000.0 
GS118+01-044   	      37900.0 	      51200.0 	       7539.0 	     211109.7 	      16500.0 
GS121-05-037   	     111000.0 	      58500.0 	      13707.4 	      89533.0 	      14400.0 
GS093-06-034   	      25600.0 	      12800.0 	       9057.5 	      85108.0 	      32000.0 
GS104+03-038   	      62000.0 	      39000.0 	       7088.4 	      38934.9 	      15500.0 
GS100-06-019   	      51600.0 	      27000.0 	       3089.4 	      17347.4 	       9300.0 
GS119-04-058   	      71000.0 	      48600.0 	       9964.0 	      62160.3 	      19600.0 
GS115-05-054   	      22400.0 	      18000.0 	       8403.8 	      30407.4 	      14400.0 
GS114-03-054   	      18600.0 	       9620.0 	      18200.3 	      57994.7 	      11300.0 
GS102-08-054   	     107000.0 	      60600.0 	      31782.4 	     127724.6 	      36100.0 
GS107+13-040   	      38000.0 	      20400.0 	       4771.9 	      29260.4 	      32000.0 
GS113-01-075   	      91000.0 	      46900.0 	      23579.0 	      69898.4 	      12400.0 
GS195+28+014   	       3090.0 	       2430.0 	       1691.6 	       3767.3 	       6200.0 
GS201-23+025   	       3990.0 	       2100.0 	       2272.0 	       2426.2 	       6200.0 
GS199-13+025   	       5350.0 	       2660.0 	       3310.2 	       7532.8 	       6200.0 
GS198-01+035   	      35700.0 	      20300.0 	      28251.5 	      82046.4 	       5200.0 
GS202+10+014   	       6400.0 	       3740.0 	       1389.8 	       8103.5 	      12400.0 
GS140-03-079   	     297000.0 	     153000.0 	      44138.7 	     931989.7 	      14400.0 
GS141-10-042   	      28800.0 	      18500.0 	       8546.7 	      43365.1 	      10300.0 
GS144-03-054   	       6180.0 	       3190.0 	      13715.6 	      39527.1 	      12400.0 
GS138+02-053   	      26200.0 	      13800.0 	      23289.5 	      67355.4 	      12400.0 
GS136-09-033   	      22500.0 	      13000.0 	       2002.0 	      21833.8 	      11300.0 
GS227+05+051   	       7780.0 	       4100.0 	       6658.6 	      38138.3 	      14400.0 
GS229+03+073   	      22200.0 	      12200.0 	      21294.4 	      23766.5 	      13400.0 
GS221-03+045   	      27500.0 	      14000.0 	       8561.9 	      62929.9 	       7200.0 
GS230-06+040   	      63500.0 	      35500.0 	       3318.3 	     284083.1 	      10300.0 
GS222+13+026   	       5580.0 	       4010.0 	       1145.1 	      11786.2 	      10300.0 
GS240+05+033   	       5270.0 	       3970.0 	       2337.9 	       7491.4 	       8200.0 
GS259-08+090   	     109000.0 	      66500.0 	      43002.4 	     193934.1 	      15500.0 
GS246+07+048   	       5930.0 	       5720.0 	       4720.4 	      17499.0 	      12400.0 
GS256-16+055   	      11700.0 	       7650.0 	       3264.2 	      11258.3 	      12400.0 
GS253-12+053   	      45600.0 	      29500.0 	       8705.4 	      29094.4 	      24700.0 
GS265-06+082   	     128000.0 	      67500.0 	      53669.1 	     259071.9 	      11300.0 
GS260-04+081   	      37200.0 	      37000.0 	      16758.7 	     102944.3 	      12400.0 
GS269+04+044   	      21600.0 	      15500.0 	      18763.7 	     155919.5 	      21700.0 
GS253+07+062   	     100000.0 	      51800.0 	      38800.1 	     200777.8 	      19600.0 
GS261-03+055   	      24900.0 	      16500.0 	       8716.3 	     154804.9 	       9300.0 
GS257+00+067   	      20100.0 	      11800.0 	      28411.4 	      44310.0 	       7200.0 
GS263+10+020   	      13300.0 	      13900.0 	       2175.9 	      28040.3 	      15500.0 
GS164+00-021   	      30800.0 	      19800.0 	       8222.2 	      72066.0 	       9300.0 
GS129+05-061   	     211000.0 	     167000.0 	      24202.2 	     153079.1 	      18600.0 
GS135-09-056   	      54400.0 	      47700.0 	      12175.8 	     132064.1 	      13400.0 
GS153+02-047   	      24600.0 	      14000.0 	      27886.9 	      79682.2 	       9300.0 
GS133-07-045   	     158000.0 	      97500.0 	      10959.5 	     263061.1 	      13400.0 
GS240+00+035   	       4830.0 	       4690.0 	       1201.2 	       6922.3 	       7200.0 
GS232+02+081   	      32600.0 	      17200.0 	      13137.6 	      27097.2 	       9300.0 
GS247+00+086   	      74700.0 	      37500.0 	      17796.3 	     112043.5 	      13400.0 
GS239-02+068   	      72100.0 	      46900.0 	      23982.1 	     220289.6 	      14400.0 
GS146-11-045   	       4120.0 	       2210.0 	       6958.1 	      12229.0 	      32000.0 
GS137+03-063   	      42400.0 	      22400.0 	      16921.4 	      90805.3 	       6200.0 
GS124-09-043   	      42500.0 	      23000.0 	       4812.8 	     161090.6 	      39200.0 
GS122-02-077   	     192000.0 	     153000.0 	      20316.8 	     235966.3 	      16500.0 
GS105-12-040   	      24200.0 	      23300.0 	       4950.9 	      16145.5 	      28900.0 
GS113-14-042   	      36400.0 	      32100.0 	       5469.6 	      65632.9 	      15500.0 
GS108+03-088   	      32600.0 	      16800.0 	      29775.9 	      31899.8 	      13400.0 
GS107+02-069   	      71400.0 	      44000.0 	      27111.3 	      49435.2 	      13400.0 
GS146-11-025   	      12100.0 	       9110.0 	       3777.2 	      71173.1 	      14500.0 
GS164+00-021   	      28800.0 	      30700.0 	       8222.2 	      72066.0 	       9300.0 
GS114-05-062   	      42100.0 	      39400.0 	      17635.5 	      37052.3 	      14400.0 
GS144+08-031   	      65100.0 	      35000.0 	       5121.4 	     107290.6 	      18600.0 
269-01+080   	          NaN 	          NaN 	      75477.2 	     161793.0 	      12400.0 
268-01+066   	          NaN 	          NaN 	      38764.7 	     154931.6 	      10300.0 
267-03+117   	          NaN 	          NaN 	      87034.0 	     213434.3 	       5200.0 
266+07+029   	          NaN 	          NaN 	       2358.4 	       9564.2 	      12400.0 
265-03+108   	          NaN 	          NaN 	      12394.6 	      27377.1 	       6200.0 
265-11+024   	          NaN 	          NaN 	       1720.7 	      14365.1 	       6200.0 
264-06+100   	          NaN 	          NaN 	      23792.9 	      41341.0 	       5200.0 
264-02+067   	          NaN 	          NaN 	      12076.8 	      12166.2 	       5200.0 
264-02+125   	          NaN 	          NaN 	      51857.7 	     121564.0 	      12400.0 
263+00+064   	          NaN 	          NaN 	       6376.8 	      27847.7 	       9300.0 
263+00+048   	          NaN 	          NaN 	      46738.3 	     259762.2 	      13400.0 
263-04+121   	          NaN 	          NaN 	      37988.1 	      38506.9 	       6200.0 
263-03+094   	          NaN 	          NaN 	      14233.8 	      64634.6 	      10300.0 
262+05+046   	          NaN 	          NaN 	       1633.6 	       9413.2 	       6200.0 
262+00+092   	          NaN 	          NaN 	      16341.3 	      30952.7 	       6200.0 
261+30+022   	          NaN 	          NaN 	       1918.4 	       8120.9 	      11300.0 
260+00+098   	          NaN 	          NaN 	      98668.6 	     214469.8 	       8300.0 
259-17+012   	          NaN 	          NaN 	        390.6 	      10870.3 	       9300.0 
258-05+090   	          NaN 	          NaN 	      18035.2 	     153218.0 	      10300.0 
257-04+107   	          NaN 	          NaN 	      83152.6 	     506241.6 	       9300.0 
257-30+021   	          NaN 	          NaN 	       3076.2 	      16557.3 	      10300.0 
256-05+052   	          NaN 	          NaN 	       3620.4 	      76914.3 	       7200.0 
256+01+099   	          NaN 	          NaN 	      13473.5 	      55717.4 	       9300.0 
255+21+015   	          NaN 	          NaN 	       1636.5 	      19372.2 	      14400.0 
255-04+064   	          NaN 	          NaN 	      13227.0 	     303873.2 	      15500.0 
255-01+055   	          NaN 	          NaN 	       3909.1 	      47508.7 	      13400.0 
254-13+023   	          NaN 	          NaN 	        828.2 	      15851.0 	      10300.0 
253-03+044   	          NaN 	          NaN 	        937.4 	      29590.0 	       9300.0 
253+04+091   	          NaN 	          NaN 	      16942.6 	      45828.8 	      15500.0 
253-02+104   	          NaN 	          NaN 	      22927.1 	      32509.2 	      10300.0 
252-09+072   	          NaN 	          NaN 	       5539.1 	       6697.5 	       7200.0 
251-08+054   	          NaN 	          NaN 	      13147.3 	      41142.2 	      15500.0 
251+05+059   	          NaN 	          NaN 	       7812.4 	      90815.4 	       7200.0 
249-02+052   	          NaN 	          NaN 	       8159.4 	      54002.4 	      10300.0 
249-02+123   	          NaN 	          NaN 	      24344.7 	      22821.2 	      13400.0 
248-01+062   	          NaN 	          NaN 	      20990.4 	     177444.7 	      13400.0 
248-08+046   	          NaN 	          NaN 	      14698.2 	      29479.4 	      14400.0 
247+10+023   	          NaN 	          NaN 	       1359.5 	      10996.9 	      24700.0 
245-03+098   	          NaN 	          NaN 	      64372.5 	     402406.6 	      20600.0 
245-06+065   	          NaN 	          NaN 	       5301.8 	       5275.8 	       6200.0 
244+02+075   	          NaN 	          NaN 	       9786.7 	      45401.1 	       8200.0 
244-03+044   	          NaN 	          NaN 	       4476.6 	      32765.8 	       8300.0 
243-32+020   	          NaN 	          NaN 	       1288.5 	       4660.8 	       7600.0 
243-02+114   	          NaN 	          NaN 	      14985.4 	      13610.8 	       7200.0 
243-02+080   	          NaN 	          NaN 	      18154.6 	      53017.3 	       6200.0 
242-13+055   	          NaN 	          NaN 	        832.2 	        849.1 	       9300.0 
242+05+058   	          NaN 	          NaN 	       6116.8 	      31362.0 	       8200.0 
242+05+091   	          NaN 	          NaN 	      27087.8 	     231063.6 	      23700.0 
241-02+098   	          NaN 	          NaN 	      80411.5 	     254267.0 	      14400.0 
240-13+037   	          NaN 	          NaN 	        967.6 	      19268.0 	       8200.0 
240-05+078   	          NaN 	          NaN 	       6407.3 	      25410.6 	       7200.0 
240-11+057   	          NaN 	          NaN 	       6318.3 	       6255.2 	       9300.0 
240-03+075   	          NaN 	          NaN 	      21203.0 	      20223.5 	       6200.0 
239-02+049   	          NaN 	          NaN 	      12117.1 	     157666.1 	      14400.0 
238+07+076   	          NaN 	          NaN 	      12496.3 	      14728.0 	      14400.0 
238+08+038   	          NaN 	          NaN 	       4768.5 	      36784.0 	      15500.0 
238-06+047   	          NaN 	          NaN 	       5723.2 	      26873.6 	      13400.0 
237+06+057   	          NaN 	          NaN 	       5997.8 	      61170.8 	      19600.0 
236-17+032   	          NaN 	          NaN 	       1488.8 	      20846.6 	      15500.0 
235-05+079   	          NaN 	          NaN 	      43864.3 	     228810.6 	       9300.0 
235-03+104   	          NaN 	          NaN 	      24321.8 	      24294.3 	       7200.0 
233-07+063   	          NaN 	          NaN 	       4105.9 	      11404.2 	      15500.0 
233-11+058   	          NaN 	          NaN 	       8326.8 	      92706.0 	      19600.0 
233-14+047   	          NaN 	          NaN 	      12603.1 	      85238.6 	      20600.0 
232-04+075   	          NaN 	          NaN 	      35956.2 	      83937.6 	       8200.0 
231-09+044   	          NaN 	          NaN 	       6457.8 	      43887.6 	      14400.0 
230-37+016   	          NaN 	          NaN 	       1372.8 	      11341.7 	       9300.0 
230+03+052   	          NaN 	          NaN 	       2055.0 	       8090.0 	      10300.0 
229-02+051   	          NaN 	          NaN 	      16242.1 	     118698.6 	       8200.0 
229+02+063   	          NaN 	          NaN 	       8312.2 	     112852.1 	      11300.0 
229-04+087   	          NaN 	          NaN 	      29119.2 	     154377.4 	      14400.0 
229-11+061   	          NaN 	          NaN 	       2374.5 	       4293.6 	      10300.0 
227+09+034   	          NaN 	          NaN 	       5325.6 	      50681.3 	      14400.0 
225+06+053   	          NaN 	          NaN 	       2427.0 	      13848.0 	      16500.0 
222+01+041   	          NaN 	          NaN 	       5283.9 	      14139.7 	       8200.0 
221+07+035   	          NaN 	          NaN 	       4264.9 	      82986.9 	      11300.0 
221+06+068   	          NaN 	          NaN 	       2467.2 	      29553.0 	       8200.0 
221-07+042   	          NaN 	          NaN 	       3352.5 	      25416.4 	       9300.0 
218+01+070   	          NaN 	          NaN 	      26582.5 	     146043.6 	      11300.0 
216+05+070   	          NaN 	          NaN 	       6968.6 	       6726.6 	       8200.0 
215+05+063   	          NaN 	          NaN 	      10439.2 	      59409.7 	      10300.0 
214-06+057   	          NaN 	          NaN 	      21330.6 	      30766.5 	      10300.0 
214-01+070   	          NaN 	          NaN 	      11334.9 	      23076.2 	      11300.0 
212+06+034   	          NaN 	          NaN 	       5152.5 	     101160.9 	      25800.0 
212+04+053   	          NaN 	          NaN 	       8215.1 	      20919.6 	      12400.0 
212-30+020   	          NaN 	          NaN 	        832.2 	       4820.4 	       7200.0 
211+07+049   	          NaN 	          NaN 	       4312.5 	      51749.6 	      12400.0 
210-10+038   	          NaN 	          NaN 	       3550.0 	      55793.1 	      13400.0 
209-41+022   	          NaN 	          NaN 	       1281.8 	      48274.5 	      12400.0 
209+03+047   	          NaN 	          NaN 	      16084.1 	      43123.1 	       8300.0 
209-41+022   	          NaN 	          NaN 	       2598.8 	      56363.0 	      12400.0 
208-03+030   	          NaN 	          NaN 	       2192.7 	      25942.6 	       6200.0 
206-01+056   	          NaN 	          NaN 	      15888.1 	      49342.1 	      11300.0 
204+06+033   	          NaN 	          NaN 	       5240.4 	      65696.5 	      10300.0 
203+25+016   	          NaN 	          NaN 	        940.0 	      15265.3 	      18600.0 
203-11+025   	          NaN 	          NaN 	       1664.5 	      13472.5 	       9300.0 
201-29+025   	          NaN 	          NaN 	       4823.1 	      53287.7 	      16500.0 
201-34+016   	          NaN 	          NaN 	       5187.5 	      32456.7 	      14400.0 
198-18+026   	          NaN 	          NaN 	       7106.6 	      46195.9 	      12400.0 
197+00+039   	          NaN 	          NaN 	      13832.4 	      13416.5 	       7200.0 
162-09-044   	          NaN 	          NaN 	      45819.8 	     192128.7 	      12400.0 
161-03-048   	          NaN 	          NaN 	      34534.6 	      71634.9 	       6200.0 
160-06-046   	          NaN 	          NaN 	      13132.6 	      37099.3 	       7200.0 
160+05-043   	          NaN 	          NaN 	     102767.9 	     124737.6 	      10300.0 
159-08-053   	          NaN 	          NaN 	      83131.8 	     163316.5 	       8200.0 
159-03-043   	          NaN 	          NaN 	      14716.1 	      47612.2 	       6200.0 
158+11-051   	          NaN 	          NaN 	      28837.7 	      73722.6 	      10300.0 
157+00-065   	          NaN 	          NaN 	     275873.5 	    1918790.5 	      24700.0 
156+14-049   	          NaN 	          NaN 	      16438.2 	      20762.8 	       7200.0 
156+13-015   	          NaN 	          NaN 	       1804.1 	      14675.9 	       9300.0 
156-05-061   	          NaN 	          NaN 	      82480.9 	     715161.7 	      13400.0 
156-05-053   	          NaN 	          NaN 	       9616.2 	      35921.6 	       7200.0 
155+23-047   	          NaN 	          NaN 	      57669.0 	    2197382.2 	      23700.0 
153-01-066   	          NaN 	          NaN 	      86499.4 	     151781.8 	      11300.0 
152+24-052   	          NaN 	          NaN 	      44068.6 	    1758413.8 	      20600.0 
150-11-043   	          NaN 	          NaN 	      11080.5 	      44318.4 	      23700.0 
149+01-086   	          NaN 	          NaN 	     343721.3 	    4032128.6 	      21600.0 
148-05-057   	          NaN 	          NaN 	      23587.5 	      91969.9 	      22700.0 
148+03-029   	          NaN 	          NaN 	       2826.1 	      14857.1 	      11300.0 
148-01-076   	          NaN 	          NaN 	      64706.9 	     282980.6 	       9300.0 
148-09-038   	          NaN 	          NaN 	       8098.4 	      40881.1 	      18600.0 
148-35-012   	          NaN 	          NaN 	        418.2 	       9783.6 	      11300.0 
147+10-051   	          NaN 	          NaN 	       6723.4 	      30841.0 	      18600.0 
146-15-033   	          NaN 	          NaN 	       1036.9 	      10065.0 	      14400.0 
146+02-056   	          NaN 	          NaN 	      21550.0 	      40874.5 	       8200.0 
143+06-070   	          NaN 	          NaN 	      13923.3 	     258500.8 	      10300.0 
143-16-049   	          NaN 	          NaN 	      63982.8 	     493477.3 	      22700.0 
142+43-052   	          NaN 	          NaN 	      26576.9 	     215297.8 	      15500.0 
141+02-083   	          NaN 	          NaN 	      29492.5 	      90424.6 	       7200.0 
139-06-033   	          NaN 	          NaN 	       5580.4 	      90486.7 	      29900.0 
138-02-098   	          NaN 	          NaN 	     148795.7 	     241406.0 	      11300.0 
137+04-071   	          NaN 	          NaN 	       7029.4 	     159820.4 	       9300.0 
135+01-101   	          NaN 	          NaN 	      45891.8 	     256115.1 	       7200.0 
135-09-070   	          NaN 	          NaN 	      15105.5 	      27467.3 	      12400.0 
135-05-090   	          NaN 	          NaN 	      20407.0 	     108476.6 	      12400.0 
135-07-077   	          NaN 	          NaN 	       8791.1 	      57839.5 	      14400.0 
134+06-038   	          NaN 	          NaN 	      11340.8 	      92162.0 	      23700.0 
134-07-082   	          NaN 	          NaN 	      21969.4 	     139704.7 	      21600.0 
134-25-020   	          NaN 	          NaN 	       1262.1 	      44945.7 	      17500.0 
133-03-078   	          NaN 	          NaN 	      10820.6 	      26885.1 	      11300.0 
133+00-088   	          NaN 	          NaN 	      33191.0 	     224904.3 	       7200.0 
133-07-073   	          NaN 	          NaN 	      10469.8 	      48115.9 	      19600.0 
132-28-031   	          NaN 	          NaN 	       4055.2 	      98528.9 	      24700.0 
131+05-071   	          NaN 	          NaN 	      16285.2 	      59085.0 	      14400.0 
131+03-056   	          NaN 	          NaN 	      31474.3 	     226657.2 	       9300.0 
130-17-048   	          NaN 	          NaN 	      23285.1 	     208450.1 	      16500.0 
130+04-088   	          NaN 	          NaN 	       8640.9 	     105863.5 	       9300.0 
129+01-108   	          NaN 	          NaN 	      35965.7 	     112075.2 	       9300.0 
129+06-086   	          NaN 	          NaN 	      34236.2 	     112360.5 	      17700.0 
129-01-114   	          NaN 	          NaN 	      82804.1 	     129110.3 	      12400.0 
129+09-069   	          NaN 	          NaN 	      12454.8 	      67543.9 	      12400.0 
128+03-081   	          NaN 	          NaN 	      77523.1 	     163623.2 	      17500.0 
128+06-111   	          NaN 	          NaN 	      12716.3 	      59294.5 	       9200.0 
128+04-099   	          NaN 	          NaN 	       6800.2 	      39975.3 	       9300.0 
127-02-100   	          NaN 	          NaN 	      21411.0 	      59029.2 	      10300.0 
127+05-094   	          NaN 	          NaN 	      15691.9 	      34113.4 	      10300.0 
127+05-040   	          NaN 	          NaN 	       7138.9 	      24222.4 	      24700.0 
127+09-079   	          NaN 	          NaN 	      13630.2 	      90478.5 	       8300.0 
125+04-076   	          NaN 	          NaN 	      56231.9 	     224023.1 	      22700.0 
124+09-064   	          NaN 	          NaN 	      34296.1 	     137263.1 	      32000.0 
124+14-026   	          NaN 	          NaN 	       1063.2 	       6531.4 	      11300.0 
123+06-109   	          NaN 	          NaN 	      21410.5 	     310618.3 	      10300.0 
123+12-076   	          NaN 	          NaN 	      17010.1 	     115304.9 	      15500.0 
122+06-077   	          NaN 	          NaN 	       2894.9 	      18924.1 	       6200.0 
122+09-042   	          NaN 	          NaN 	       8800.1 	     120670.7 	      12400.0 
122+02-077   	          NaN 	          NaN 	      62428.9 	      76292.9 	      15500.0 
122+14-060   	          NaN 	          NaN 	      12003.1 	      44539.3 	      25800.0 
121+02-119   	          NaN 	          NaN 	      23649.0 	     119749.6 	      13400.0 
121+00-076   	          NaN 	          NaN 	      29527.7 	     314813.3 	      19600.0 
121+04-090   	          NaN 	          NaN 	      34919.2 	     393157.8 	      25800.0 
120-05-073   	          NaN 	          NaN 	       9575.0 	      67303.3 	       7200.0 
120+06-105   	          NaN 	          NaN 	      10019.3 	      70445.6 	      11300.0 
120+04-085   	          NaN 	          NaN 	      11027.8 	     237419.0 	      27800.0 
118+06-096   	          NaN 	          NaN 	      18712.3 	      60807.5 	      12400.0 
118+02-115   	          NaN 	          NaN 	      33244.0 	      53009.5 	      10300.0 
118+02-076   	          NaN 	          NaN 	      27430.2 	      33915.6 	      12400.0 
118+05-069   	          NaN 	          NaN 	      11701.3 	      62352.4 	      11300.0 
118+11-061   	          NaN 	          NaN 	      23400.3 	     272941.6 	      38100.0 
117-02-121   	          NaN 	          NaN 	     140038.6 	     399883.4 	      23700.0 
117-02-071   	          NaN 	          NaN 	       8931.2 	     165770.7 	      25800.0 
116+03-081   	          NaN 	          NaN 	      46956.2 	     141134.1 	      16500.0 
116+01-103   	          NaN 	          NaN 	      90615.3 	      90549.6 	      12400.0 
116-07-068   	          NaN 	          NaN 	      16423.6 	      22217.6 	      25800.0 
115+26-064   	          NaN 	          NaN 	      52676.2 	    2553083.4 	      38100.0 
115+13-036   	          NaN 	          NaN 	       4280.5 	      26792.5 	      27800.0 
115+08-127   	          NaN 	          NaN 	      67419.4 	     111887.9 	      25800.0 
114+36-075   	          NaN 	          NaN 	      16396.9 	      37295.8 	      15500.0 
114-09-029   	          NaN 	          NaN 	       3192.7 	      14118.8 	      10300.0 
113+06-122   	          NaN 	          NaN 	      56984.6 	     156400.5 	      15500.0 
113+02-053   	          NaN 	          NaN 	      30230.8 	     134202.0 	      19600.0 
113-03-114   	          NaN 	          NaN 	      33982.5 	     144079.2 	      19600.0 
112+02-092   	          NaN 	          NaN 	      31976.0 	      32213.7 	       9300.0 
112+01-102   	          NaN 	          NaN 	     115852.4 	     391964.7 	      15500.0 
111-02-107   	          NaN 	          NaN 	      12594.2 	      89960.9 	      16500.0 
111+08-041   	          NaN 	          NaN 	      12214.9 	      45165.7 	      42300.0 
111+01-078   	          NaN 	          NaN 	      25261.4 	      48466.1 	      23700.0 
111-03-083   	          NaN 	          NaN 	      52222.8 	     144906.3 	      33000.0 
111+17-029   	          NaN 	          NaN 	       3892.1 	      27402.4 	      18600.0 
110+04-061   	          NaN 	          NaN 	      19200.3 	      44539.2 	      10300.0 
110+00-069   	          NaN 	          NaN 	      11630.7 	      18263.8 	      10300.0 
110+06-068   	          NaN 	          NaN 	      27303.3 	      97573.2 	      20600.0 
110+02-043   	          NaN 	          NaN 	      21043.6 	     129240.6 	      14400.0 
110+03-133   	          NaN 	          NaN 	      48377.6 	     111537.8 	      13500.0 
109-08-065   	          NaN 	          NaN 	      11916.8 	      31495.6 	      17500.0 
108+04-057   	          NaN 	          NaN 	       7884.8 	      43765.8 	       7200.0 
107+20-030   	          NaN 	          NaN 	       2922.2 	       3514.6 	      14400.0 
106-04-086   	          NaN 	          NaN 	      18249.7 	      19541.1 	      25800.0 
105+24-046   	          NaN 	          NaN 	      12856.5 	      11231.3 	      12400.0 
104+01-070   	          NaN 	          NaN 	      39408.6 	      64246.7 	      15500.0 
104+03-069   	          NaN 	          NaN 	      27736.8 	      23434.3 	      10300.0 
104+04-081   	          NaN 	          NaN 	       5031.7 	      22574.3 	      10300.0 
104-24-023   	          NaN 	          NaN 	       1418.5 	       4308.0 	      11300.0 
103+06-074   	          NaN 	          NaN 	      32311.5 	     120510.0 	      20600.0 
103+03-111   	          NaN 	          NaN 	     117526.0 	     232626.9 	      13400.0 
103+37-056   	          NaN 	          NaN 	      10232.0 	      15369.6 	      21700.0 
102+03-111   	          NaN 	          NaN 	     112694.6 	     394818.6 	      26800.0 
102-01-058   	          NaN 	          NaN 	      39019.8 	      97346.3 	      14400.0 
102+04-060   	          NaN 	          NaN 	      22523.5 	      80966.1 	      12400.0 
102-27-042   	          NaN 	          NaN 	       5167.5 	      75160.4 	      20600.0 
102+33-053   	          NaN 	          NaN 	      11839.5 	      93282.0 	      14400.0 
102+01-065   	          NaN 	          NaN 	      46009.6 	      48678.9 	      18600.0 
100+35-030   	          NaN 	          NaN 	       1206.9 	       3176.9 	      15500.0 
100+03-099   	          NaN 	          NaN 	      32007.7 	      62183.6 	      13400.0 
100+00-077   	          NaN 	          NaN 	     171732.5 	     674351.6 	      20600.0 
099-02-055   	          NaN 	          NaN 	      20697.0 	     325627.8 	      37100.0 
099+02-060   	          NaN 	          NaN 	      54783.7 	      63737.4 	      10300.0 
099+03-093   	          NaN 	          NaN 	      16633.7 	      68527.3 	      11300.0 
099+05-080   	          NaN 	          NaN 	      18130.4 	     199494.9 	      13400.0 
099+02-070   	          NaN 	          NaN 	      48432.4 	      47562.2 	      11300.0 
098+06-128   	          NaN 	          NaN 	      67271.9 	     216475.1 	      13400.0 
098+03-115   	          NaN 	          NaN 	      66965.0 	     513692.7 	      27800.0 
097+00-070   	          NaN 	          NaN 	      37333.7 	     154915.1 	      14400.0 
096+16-025   	          NaN 	          NaN 	       7169.0 	     108310.7 	      25800.0 
095+03-099   	          NaN 	          NaN 	      64386.7 	      55305.2 	      18600.0 
095+02-078   	          NaN 	          NaN 	      74579.6 	      89978.6 	      13400.0 
095+02-062   	          NaN 	          NaN 	      24582.5 	      16907.1 	      10300.0 
095+09-023   	          NaN 	          NaN 	       4343.2 	      43201.3 	      14400.0 
094+05-104   	          NaN 	          NaN 	      60779.8 	      58014.0 	      10300.0 
094+03-110   	          NaN 	          NaN 	     197639.5 	     564177.1 	      23400.0 
093+03-031   	          NaN 	          NaN 	       7505.4 	      67787.0 	      18600.0 
092+00-062   	          NaN 	          NaN 	     174065.3 	     427564.6 	      12400.0 
092+06-070   	          NaN 	          NaN 	      28150.8 	     242020.5 	      25800.0 
091+03-090   	          NaN 	          NaN 	     175047.9 	     283092.4 	      18600.0 
091+00-069   	          NaN 	          NaN 	       8029.4 	     140594.7 	      23700.0 
091+05-078   	          NaN 	          NaN 	      17925.8 	     553021.0 	      26800.0 
091-01-056   	          NaN 	          NaN 	      48316.3 	      72421.1 	      10300.0 
090+09-077   	          NaN 	          NaN 	      13044.2 	     107138.9 	      21600.0 
