Name   	 long 	 lat 	 X0 	 Y0 	 a 	 b 	 tita 	 V0 	 dV 	 D 	 MassMiss  	 MassShell 
GS101-02-037   	        101.3 	         -2.3 	        100.8 	         -1.9 	          2.4 	          1.8 	          1.4 	     -37100.0 	      18600.0 	          4.2 	      66200.0 
1.170000e+05   	 GS108-03-022   	        107.1 	         -4.8 	        107.9 	         -3.3 	          4.3 	          3.7 	         78.0 	     -21600.0 	      27800.0 	          2.2 	      52300.0 
8.310000e+04   	 GS101+29-026   	        102.7 	         29.5 	        101.0 	         29.3 	          5.8 	          4.5 	          4.2 	     -25800.0 	      34000.0 	          3.3 	      49600.0 
   	 GS118+01-044   	        117.9 	          1.1 	        117.9 	          1.2 	          2.5 	          1.9 	        -17.7 	     -44300.0 	      16500.0 	          3.9 	      51200.0 
鐌   	 GS121-05-037   	        121.5 	         -5.8 	        121.0 	         -5.0 	          3.8 	          2.6 	         76.5 	     -37100.0 	      14400.0 	          3.2 	      58500.0 
1.110000e+05   	 GS093-06-034   	         92.2 	         -5.9 	         92.5 	         -6.0 	          2.6 	          1.6 	        -31.1 	     -34000.0 	      32000.0 	          4.9 	      12800.0 
搀   	 GS104+03-038   	        104.1 	          3.6 	        104.2 	          2.9 	          3.0 	          1.6 	        -17.9 	     -38100.0 	      15500.0 	          4.0 	      39000.0 
   	 GS100-06-019   	         98.7 	         -6.7 	        100.3 	         -5.9 	          6.0 	          4.3 	         -5.8 	     -18600.0 	       9300.0 	          2.5 	      27000.0 
즐   	 GS119-04-058   	        118.7 	         -4.9 	        118.5 	         -3.7 	          2.3 	          2.0 	         -0.5 	     -57700.0 	      19600.0 	          5.4 	      48600.0 
7.100000e+04   	 GS115-05-054   	        115.4 	         -5.0 	        114.7 	         -4.9 	          2.1 	          1.4 	         -7.4 	     -53600.0 	      14400.0 	          5.0 	      18000.0 
垀   	 GS114-03-054   	        113.7 	         -3.2 	        113.9 	         -2.9 	          2.0 	          1.4 	        -22.2 	     -53600.0 	      11300.0 	          5.0 	       9620.0 
䢨   	 GS102-08-054   	        101.5 	        -10.0 	        101.8 	         -7.9 	          3.4 	          2.5 	         51.5 	     -53600.0 	      36100.0 	          5.9 	      60600.0 
1.070000e+05   	 GS107+13-040   	        107.5 	         13.2 	        106.7 	         12.7 	          2.9 	          2.2 	        111.9 	     -40200.0 	      32000.0 	          4.1 	      20400.0 
鑰   	 GS113-01-075   	        113.2 	         -0.8 	        113.2 	         -0.8 	          2.1 	          1.7 	          2.4 	     -75200.0 	      12400.0 	          7.5 	      46900.0 
9.100000e+04   	 GS195+28+014   	        195.0 	         28.9 	        195.2 	         27.8 	          3.3 	          2.3 	        108.5 	      14400.0 	       6200.0 	          3.3 	       2430.0 
ఒ   	 GS201-23+025   	        200.4 	        -23.6 	        200.9 	        -22.9 	          2.4 	          1.7 	        -11.2 	      24700.0 	       6200.0 	          4.6 	       2100.0 
ྖ   	 GS199-13+025   	        198.7 	        -12.4 	        199.5 	        -12.8 	          1.9 	          1.7 	         35.2 	      24700.0 	       6200.0 	          4.7 	       2660.0 
ᓦ   	 GS198-01+035   	        197.7 	         -1.8 	        197.9 	         -1.5 	          1.7 	          1.0 	          3.1 	      35000.0 	       5200.0 	          9.2 	      20300.0 
譴   	 GS202+10+014   	        200.2 	         12.4 	        202.0 	          9.6 	          4.3 	          3.1 	         15.5 	      14400.0 	      12400.0 	          2.0 	       3740.0 
ᤀ   	 GS140-03-079   	        139.7 	         -3.2 	        139.8 	         -2.5 	          3.4 	          3.2 	         47.8 	     -79400.0 	      14400.0 	         11.7 	     153000.0 
2.970000e+05   	 GS141-10-042   	        141.3 	         -9.8 	        140.8 	        -10.0 	          4.0 	          2.7 	          2.3 	     -42300.0 	      10300.0 	          4.4 	      18500.0 
炀   	 GS144-03-054   	        144.6 	         -4.0 	        144.3 	         -3.3 	          2.4 	          1.6 	        -40.1 	     -53600.0 	      12400.0 	          6.7 	       3190.0 
ᠤ   	 GS138+02-053   	        138.2 	          2.2 	        137.8 	          2.1 	          1.6 	          1.2 	        -15.5 	     -52600.0 	      12400.0 	          5.5 	      13800.0 
晘   	 GS136-09-033   	        136.2 	         -9.1 	        135.6 	         -9.3 	          4.4 	          2.8 	         44.4 	     -33000.0 	      11300.0 	          2.9 	      13000.0 
埤   	 GS227+05+051   	        227.9 	          5.5 	        227.3 	          5.5 	          3.0 	          1.8 	        -42.3 	      50500.0 	      14400.0 	          4.7 	       4100.0 
Ṥ   	 GS229+03+073   	        229.1 	          2.8 	        229.2 	          2.6 	          1.4 	          0.9 	         -0.9 	      73200.0 	      13400.0 	          8.0 	      12200.0 
嚸   	 GS221-03+045   	        220.7 	         -3.3 	        220.5 	         -3.2 	          2.7 	          2.4 	         36.8 	      45400.0 	       7200.0 	          4.5 	      14000.0 
歬   	 GS230-06+040   	        228.7 	         -6.8 	        230.0 	         -6.1 	          4.0 	          2.9 	         93.3 	      40200.0 	      10300.0 	          3.5 	      35500.0 
   	 GS222+13+026   	        222.1 	         13.3 	        222.3 	         13.5 	          4.8 	          3.7 	        -11.5 	      25800.0 	      10300.0 	          2.2 	       4010.0 
ᗌ   	 GS240+05+033   	        240.5 	          5.6 	        239.8 	          5.5 	          3.2 	          1.9 	         16.0 	      33000.0 	       8200.0 	          2.8 	       3970.0 
ᒖ   	 GS259-08+090   	        259.0 	         -8.7 	        259.0 	         -8.2 	          2.8 	          2.0 	         23.1 	      89700.0 	      15500.0 	         10.3 	      66500.0 
1.090000e+05   	 GS246+07+048   	        245.8 	          7.8 	        246.0 	          6.9 	          2.6 	          1.7 	        106.5 	      48400.0 	      12400.0 	          4.5 	       5720.0 
ᜪ   	 GS256-16+055   	        256.6 	        -16.9 	        255.8 	        -16.0 	          2.2 	          2.0 	         -5.1 	      54600.0 	      12400.0 	          6.0 	       7650.0 
ⶴ   	 GS253-12+053   	        252.5 	        -12.6 	        252.6 	        -11.8 	          2.1 	          1.7 	         24.5 	      52600.0 	      24700.0 	          5.4 	      29500.0 
눠   	 GS265-06+082   	        265.0 	         -5.9 	        265.1 	         -5.6 	          2.6 	          2.2 	         34.1 	      82500.0 	      11300.0 	          9.8 	      67500.0 
1.280000e+05   	 GS260-04+081   	        259.6 	         -4.2 	        260.2 	         -4.1 	          2.0 	          1.3 	         17.2 	      81400.0 	      12400.0 	          9.1 	      37000.0 
酐   	 GS269+04+044   	        269.1 	          3.7 	        269.3 	          3.7 	          3.4 	          2.1 	        103.3 	      44300.0 	      21700.0 	          6.1 	      15500.0 
呠   	 GS253+07+062   	        251.4 	          9.8 	        252.9 	          6.7 	          8.5 	          4.0 	          7.0 	      61800.0 	      19600.0 	          6.2 	      51800.0 
1.000000e+05   	 GS261-03+055   	        261.8 	         -4.4 	        261.5 	         -3.4 	          2.1 	          1.8 	          1.3 	      54600.0 	       9300.0 	          6.3 	      16500.0 
慄   	 GS257+00+067   	        257.0 	         -0.2 	        256.6 	         -0.3 	          1.7 	          1.1 	        111.6 	      67000.0 	       7200.0 	          7.1 	      11800.0 
亄   	 GS263+10+020   	        263.2 	         11.5 	        263.0 	         10.4 	          3.7 	          3.3 	        131.1 	      19600.0 	      15500.0 	          2.8 	      13900.0 
㏴   	 GS164+00-021   	        163.7 	          0.3 	        163.9 	          0.5 	          2.1 	          1.8 	         -9.5 	     -20600.0 	       9300.0 	          4.1 	      19800.0 
硐   	 GS129+05-061   	        129.7 	          6.5 	        128.6 	          5.1 	          4.0 	          2.3 	        -10.7 	     -60800.0 	      18600.0 	          6.0 	     167000.0 
2.110000e+05   	 GS135-09-056   	        136.4 	         -9.3 	        135.3 	         -8.8 	          4.9 	          3.2 	        -15.0 	     -55700.0 	      13400.0 	          5.9 	      47700.0 
풀   	 GS153+02-047   	        153.6 	          1.8 	        153.4 	          1.6 	          1.4 	          1.0 	         23.7 	     -47400.0 	       9300.0 	          8.2 	      14000.0 
怘   	 GS133-07-045   	        134.2 	         -7.7 	        133.0 	         -7.3 	          4.8 	          4.5 	        -40.9 	     -45400.0 	      13400.0 	          4.2 	      97500.0 
1.580000e+05   	 GS240+00+035   	        240.3 	         -0.6 	        239.8 	         -0.4 	          2.9 	          2.5 	          9.3 	      35000.0 	       7200.0 	          3.0 	       4690.0 
ዞ   	 GS232+02+081   	        231.7 	          2.5 	        231.7 	          2.3 	          1.6 	          1.3 	        -38.9 	      81400.0 	       9300.0 	          9.2 	      17200.0 
罘   	 GS247+00+086   	        247.2 	          0.6 	        246.7 	          0.3 	          1.8 	          1.4 	        -32.0 	      85500.0 	      13400.0 	          9.0 	      37500.0 
7.470000e+04   	 GS239-02+068   	        239.1 	         -2.0 	        238.9 	         -2.0 	          1.9 	          1.5 	        -21.6 	      68000.0 	      14400.0 	          6.6 	      46900.0 
7.210000e+04   	 GS146-11-045   	        146.1 	        -11.2 	        145.8 	        -10.8 	          1.7 	          1.2 	        107.4 	     -45400.0 	      32000.0 	          5.6 	       2210.0 
ဘ   	 GS137+03-063   	        137.2 	          3.7 	        136.6 	          3.3 	          2.4 	          2.0 	         -8.4 	     -62900.0 	       6200.0 	          7.1 	      22400.0 
ꖠ   	 GS124-09-043   	        124.0 	        -10.2 	        124.2 	         -9.3 	          2.9 	          2.6 	         21.2 	     -43300.0 	      39200.0 	          3.8 	      23000.0 
ꘄ   	 GS122-02-077   	        120.4 	         -4.2 	        121.8 	         -2.3 	          7.0 	          3.7 	         -0.3 	     -77300.0 	      16500.0 	          7.9 	     153000.0 
1.920000e+05   	 GS105-12-040   	        105.6 	        -13.3 	        105.5 	        -12.5 	          2.8 	          2.0 	        108.3 	     -40200.0 	      28900.0 	          4.2 	      23300.0 
庈   	 GS113-14-042   	        113.2 	        -14.9 	        112.7 	        -13.6 	          6.7 	          3.6 	        -33.1 	     -42300.0 	      15500.0 	          4.0 	      32100.0 
踰   	 GS108+03-088   	        108.5 	          3.3 	        108.4 	          3.3 	          1.3 	          0.9 	          4.4 	     -87600.0 	      13400.0 	          9.4 	      16800.0 
罘   	 GS107+02-069   	        107.2 	          1.8 	        106.9 	          2.1 	          1.3 	          0.9 	        -21.0 	     -69100.0 	      13400.0 	          7.0 	      44000.0 
7.140000e+04   	 GS146-11-025   	        145.2 	        -11.4 	        145.6 	        -10.8 	          3.7 	          3.4 	          1.8 	     -24700.0 	      14500.0 	          2.4 	       9110.0 
⽄   	 GS164+00-021   	        163.7 	          0.3 	        163.9 	          0.5 	          2.1 	          1.8 	         -9.5 	     -20600.0 	       9300.0 	          4.1 	      30700.0 
炀   	 GS114-05-062   	        112.7 	         -5.5 	        113.7 	         -5.2 	          2.1 	          2.0 	        -34.6 	     -61800.0 	      14400.0 	          6.0 	      39400.0 
ꑴ   	 GS144+08-031   	        144.2 	          9.8 	        144.4 	          7.9 	          4.9 	          4.2 	          2.7 	     -30900.0 	      18600.0 	          3.0 	      35000.0 
﹌   	 269-01+080   	        268.6 	         -0.7 	        268.6 	         -0.6 	          1.2 	          1.0 	         32.2 	      80400.0 	      12400.0 	         10.0 	          NaN 
NaN   	 268-01+066   	        267.9 	          0.3 	        267.8 	         -1.1 	          2.2 	          1.7 	        -36.9 	      66000.0 	      10300.0 	          8.2 	          NaN 
NaN   	 267-03+117   	        267.9 	         -3.0 	        267.5 	         -3.0 	          2.7 	          1.6 	          7.6 	     117500.0 	       5200.0 	         15.7 	          NaN 
NaN   	 266+07+029   	        266.0 	          6.9 	        265.5 	          6.7 	          2.6 	          2.0 	        -32.2 	      28900.0 	      12400.0 	          4.1 	          NaN 
NaN   	 265-03+108   	        265.7 	         -2.2 	        265.1 	         -2.7 	          1.6 	          1.2 	         59.1 	     108200.0 	       6200.0 	         13.7 	          NaN 
NaN   	 265-11+024   	        267.2 	        -12.9 	        264.9 	        -11.2 	          6.7 	          4.0 	        -20.2 	      23700.0 	       6200.0 	          3.8 	          NaN 
NaN   	 264-06+100   	        264.5 	         -6.0 	        264.5 	         -5.7 	          1.1 	          1.0 	        103.3 	     100000.0 	       5200.0 	         12.2 	          NaN 
NaN   	 264-02+067   	        264.0 	         -2.7 	        264.4 	         -2.3 	          1.3 	          0.7 	        -26.8 	      67000.0 	       5200.0 	          7.8 	          NaN 
NaN   	 264-02+125   	        263.5 	         -2.2 	        263.5 	         -2.3 	          1.7 	          1.2 	        -11.3 	     124700.0 	      12400.0 	         16.7 	          NaN 
NaN   	 263+00+064   	        263.2 	          0.6 	        263.3 	          0.2 	          1.1 	          1.0 	         57.8 	      63900.0 	       9300.0 	          7.4 	          NaN 
NaN   	 263+00+048   	        263.0 	         -0.2 	        263.2 	         -0.2 	          2.2 	          1.5 	          0.4 	      48400.0 	      13400.0 	          5.7 	          NaN 
NaN   	 263-04+121   	        262.7 	         -4.1 	        262.6 	         -4.0 	          1.2 	          0.9 	        -38.2 	     120600.0 	       6200.0 	         15.8 	          NaN 
NaN   	 263-03+094   	        262.6 	         -3.3 	        262.6 	         -3.3 	          0.8 	          0.6 	         82.0 	      93800.0 	      10300.0 	         11.1 	          NaN 
NaN   	 262+05+046   	        261.8 	          5.3 	        262.2 	          4.8 	          2.4 	          1.9 	        -26.0 	      46400.0 	       6200.0 	          5.4 	          NaN 
NaN   	 262+00+092   	        262.0 	          1.4 	        261.8 	          0.5 	          1.8 	          1.5 	        134.7 	      91700.0 	       6200.0 	         10.7 	          NaN 
NaN   	 261+30+022   	        261.2 	         29.1 	        261.0 	         30.0 	          4.1 	          2.7 	         68.8 	      21600.0 	      11300.0 	          3.1 	          NaN 
NaN   	 260+00+098   	        259.5 	          1.3 	        259.9 	          0.1 	          2.5 	          2.0 	        -19.0 	      97900.0 	       8300.0 	         11.4 	          NaN 
NaN   	 259-17+012   	        258.6 	        -17.6 	        258.9 	        -16.8 	          5.6 	          3.8 	          5.7 	      12400.0 	       9300.0 	          1.6 	          NaN 
NaN   	 258-05+090   	        258.0 	         -5.2 	        257.7 	         -5.5 	          1.9 	          1.1 	        -40.2 	      89700.0 	      10300.0 	         10.1 	          NaN 
NaN   	 257-04+107   	        257.2 	         -4.5 	        257.3 	         -4.3 	          1.7 	          1.5 	        -42.5 	     107200.0 	       9300.0 	         12.8 	          NaN 
NaN   	 257-30+021   	        257.3 	        -32.0 	        257.1 	        -30.4 	          5.1 	          4.2 	         17.8 	      20600.0 	      10300.0 	          2.8 	          NaN 
NaN   	 256-05+052   	        255.7 	         -5.9 	        256.4 	         -5.2 	          2.3 	          1.8 	         -2.8 	      51500.0 	       7200.0 	          5.4 	          NaN 
NaN   	 256+01+099   	        256.2 	          1.5 	        256.0 	          0.6 	          2.2 	          1.5 	          7.3 	      98900.0 	       9300.0 	         11.3 	          NaN 
NaN   	 255+21+015   	        253.6 	         21.8 	        255.3 	         20.7 	          5.3 	          4.9 	        -40.6 	      15500.0 	      14400.0 	          1.7 	          NaN 
NaN   	 255-04+064   	        255.2 	         -4.7 	        255.0 	         -4.1 	          3.2 	          2.4 	        -12.6 	      63900.0 	      15500.0 	          6.7 	          NaN 
NaN   	 255-01+055   	        255.0 	         -0.9 	        254.9 	         -0.7 	          1.6 	          1.2 	         78.2 	      54600.0 	      13400.0 	          5.6 	          NaN 
NaN   	 254-13+023   	        253.9 	        -13.1 	        253.7 	        -13.1 	          3.4 	          2.9 	         76.3 	      22700.0 	      10300.0 	          2.4 	          NaN 
NaN   	 253-03+044   	        253.7 	         -3.3 	        253.4 	         -3.4 	          2.2 	          1.4 	        -37.4 	      44300.0 	       9300.0 	          4.5 	          NaN 
NaN   	 253+04+091   	        253.2 	          4.8 	        253.0 	          4.5 	          1.4 	          1.1 	         59.2 	      90700.0 	      15500.0 	          9.9 	          NaN 
NaN   	 253-02+104   	        252.7 	         -1.7 	        252.6 	         -2.0 	          0.8 	          0.6 	         83.1 	     104100.0 	      10300.0 	         12.1 	          NaN 
NaN   	 252-09+072   	        253.2 	         -9.7 	        252.2 	         -8.7 	          2.1 	          2.0 	         -2.9 	      72100.0 	       7200.0 	          7.6 	          NaN 
NaN   	 251-08+054   	        251.2 	         -7.7 	        251.1 	         -7.8 	          2.2 	          1.7 	        -31.4 	      53600.0 	      15500.0 	          5.3 	          NaN 
NaN   	 251+05+059   	        250.6 	          7.3 	        250.5 	          5.4 	          3.9 	          3.1 	         27.1 	      58700.0 	       7200.0 	          5.8 	          NaN 
NaN   	 249-02+052   	        249.0 	         -1.5 	        249.3 	         -1.9 	          1.9 	          1.5 	         -6.4 	      51500.0 	      10300.0 	          4.9 	          NaN 
NaN   	 249-02+123   	        248.7 	         -2.7 	        248.9 	         -2.2 	          1.8 	          0.9 	         -6.7 	     122600.0 	      13400.0 	         16.3 	          NaN 
NaN   	 248-01+062   	        248.2 	         -1.2 	        248.4 	         -1.5 	          2.2 	          1.9 	        124.3 	      61800.0 	      13400.0 	          6.0 	          NaN 
NaN   	 248-08+046   	        247.7 	         -8.5 	        247.9 	         -8.5 	          2.1 	          1.9 	        -23.5 	      46400.0 	      14400.0 	          4.4 	          NaN 
NaN   	 247+10+023   	        246.6 	         10.9 	        246.6 	         10.1 	          3.7 	          2.7 	         10.8 	      22700.0 	      24700.0 	          2.1 	          NaN 
NaN   	 245-03+098   	        244.7 	         -3.1 	        244.8 	         -3.2 	          2.2 	          1.1 	         -1.4 	      97900.0 	      20600.0 	         11.1 	          NaN 
NaN   	 245-06+065   	        244.4 	         -6.2 	        244.6 	         -6.3 	          1.9 	          0.9 	        125.9 	      64900.0 	       6200.0 	          6.3 	          NaN 
NaN   	 244+02+075   	        244.2 	          2.2 	        244.3 	          1.7 	          1.5 	          1.1 	          1.7 	      75200.0 	       8200.0 	          7.5 	          NaN 
NaN   	 244-03+044   	        243.2 	         -2.9 	        244.2 	         -2.6 	          4.1 	          3.2 	         31.1 	      44300.0 	       8300.0 	          4.0 	          NaN 
NaN   	 243-32+020   	        242.7 	        -31.5 	        243.3 	        -32.1 	          4.9 	          3.8 	        -11.1 	      19600.0 	       7600.0 	          1.9 	          NaN 
NaN   	 243-02+114   	        243.2 	         -2.2 	        243.2 	         -2.0 	          1.5 	          1.2 	        -11.7 	     114400.0 	       7200.0 	         14.8 	          NaN 
NaN   	 243-02+080   	        243.7 	         -2.2 	        243.0 	         -2.3 	          1.7 	          1.4 	        -33.6 	      80400.0 	       6200.0 	          8.2 	          NaN 
NaN   	 242-13+055   	        242.5 	        -14.2 	        242.1 	        -12.8 	          1.9 	          1.5 	         63.0 	      54600.0 	       9300.0 	          5.2 	          NaN 
NaN   	 242+05+058   	        242.7 	          5.0 	        242.1 	          4.9 	          2.6 	          2.3 	        -10.9 	      57700.0 	       8200.0 	          5.4 	          NaN 
NaN   	 242+05+091   	        242.2 	          5.0 	        242.0 	          4.5 	          3.0 	          2.9 	         77.5 	      90700.0 	      23700.0 	          9.9 	          NaN 
NaN   	 241-02+098   	        240.4 	         -2.5 	        240.7 	         -2.5 	          2.1 	          1.3 	          9.0 	      97900.0 	      14400.0 	         11.4 	          NaN 
NaN   	 240-13+037   	        241.1 	        -13.7 	        240.5 	        -13.2 	          2.5 	          2.2 	         85.1 	      37100.0 	       8200.0 	          3.3 	          NaN 
NaN   	 240-05+078   	        240.9 	         -6.2 	        240.5 	         -5.1 	          2.1 	          1.5 	        -10.2 	      78300.0 	       7200.0 	          8.0 	          NaN 
NaN   	 240-11+057   	        240.5 	        -11.2 	        240.5 	        -11.0 	          1.9 	          1.2 	        -16.1 	      56700.0 	       9300.0 	          5.3 	          NaN 
NaN   	 240-03+075   	        240.3 	         -3.2 	        240.3 	         -3.1 	          1.1 	          0.9 	         -0.6 	      75200.0 	       6200.0 	          7.6 	          NaN 
NaN   	 239-02+049   	        239.5 	         -1.7 	        238.9 	         -1.7 	          2.9 	          2.3 	        118.0 	      49500.0 	      14400.0 	          4.4 	          NaN 
NaN   	 238+07+076   	        237.2 	          7.3 	        238.0 	          7.1 	          1.8 	          1.3 	         22.3 	      76300.0 	      14400.0 	          7.9 	          NaN 
NaN   	 238+08+038   	        239.7 	          9.4 	        237.8 	          7.8 	          5.9 	          3.5 	          5.8 	      38100.0 	      15500.0 	          3.3 	          NaN 
NaN   	 238-06+047   	        238.2 	         -5.5 	        237.8 	         -5.8 	          3.1 	          2.4 	          0.2 	      47400.0 	      13400.0 	          4.2 	          NaN 
NaN   	 237+06+057   	        236.6 	          7.3 	        237.1 	          6.4 	          2.9 	          2.0 	        -20.9 	      56700.0 	      19600.0 	          5.3 	          NaN 
NaN   	 236-17+032   	        236.2 	        -19.6 	        235.7 	        -17.4 	          4.4 	          3.4 	        -24.8 	      32000.0 	      15500.0 	          2.8 	          NaN 
NaN   	 235-05+079   	        235.2 	         -6.2 	        235.5 	         -5.1 	          2.5 	          1.7 	         10.8 	      79400.0 	       9300.0 	          8.5 	          NaN 
NaN   	 235-03+104   	        234.5 	         -3.7 	        235.2 	         -3.5 	          1.5 	          1.3 	        -44.8 	     104100.0 	       7200.0 	         14.0 	          NaN 
NaN   	 233-07+063   	        233.6 	         -8.1 	        233.4 	         -7.5 	          1.4 	          1.4 	        117.9 	      62900.0 	      15500.0 	          6.2 	          NaN 
NaN   	 233-11+058   	        230.8 	        -12.7 	        232.7 	        -11.3 	          4.0 	          2.6 	         -2.9 	      57700.0 	      19600.0 	          5.7 	          NaN 
NaN   	 233-14+047   	        232.1 	        -15.6 	        232.6 	        -14.0 	          5.0 	          3.3 	          2.1 	      47400.0 	      20600.0 	          4.4 	          NaN 
NaN   	 232-04+075   	        231.6 	         -3.9 	        232.1 	         -3.7 	          1.7 	          1.2 	        -23.0 	      75200.0 	       8200.0 	          8.1 	          NaN 
NaN   	 231-09+044   	        229.8 	         -8.6 	        230.5 	         -8.9 	          2.3 	          1.9 	        -43.3 	      44300.0 	      14400.0 	          4.0 	          NaN 
NaN   	 230-37+016   	        233.8 	        -40.9 	        230.0 	        -36.9 	         12.7 	          8.4 	         -3.9 	      16500.0 	       9300.0 	          1.7 	          NaN 
NaN   	 230+03+052   	        229.9 	          4.8 	        229.6 	          3.3 	          2.3 	          2.0 	         48.2 	      51500.0 	      10300.0 	          4.8 	          NaN 
NaN   	 229-02+051   	        229.1 	         -2.2 	        229.5 	         -1.7 	          2.7 	          1.9 	          0.0 	      50500.0 	       8200.0 	          4.7 	          NaN 
NaN   	 229+02+063   	        228.9 	          2.5 	        229.3 	          2.1 	          2.3 	          1.4 	          7.3 	      62900.0 	      11300.0 	          6.4 	          NaN 
NaN   	 229-04+087   	        228.3 	         -4.6 	        228.8 	         -4.3 	          2.1 	          1.6 	         19.4 	      86600.0 	      14400.0 	         11.0 	          NaN 
NaN   	 229-11+061   	        229.2 	        -10.8 	        228.6 	        -10.5 	          1.5 	          1.2 	          7.1 	      60800.0 	      10300.0 	          6.2 	          NaN 
NaN   	 227+09+034   	        225.9 	         11.8 	        227.5 	          8.6 	          5.9 	          4.1 	        -30.9 	      34000.0 	      14400.0 	          3.0 	          NaN 
NaN   	 225+06+053   	        225.2 	          6.8 	        225.2 	          6.3 	          1.9 	          1.3 	        -42.1 	      52600.0 	      16500.0 	          5.2 	          NaN 
NaN   	 222+01+041   	        221.7 	          2.3 	        222.2 	          1.5 	          2.4 	          1.3 	          8.2 	      41200.0 	       8200.0 	          3.9 	          NaN 
NaN   	 221+07+035   	        222.4 	         10.3 	        221.3 	          7.3 	          8.6 	          3.2 	          1.4 	      35000.0 	      11300.0 	          3.2 	          NaN 
NaN   	 221+06+068   	        221.1 	          6.8 	        221.0 	          5.6 	          1.8 	          1.7 	        -43.1 	      68000.0 	       8200.0 	          8.5 	          NaN 
NaN   	 221-07+042   	        220.7 	         -7.7 	        220.8 	         -6.8 	          2.5 	          1.6 	         -7.6 	      42300.0 	       9300.0 	          4.2 	          NaN 
NaN   	 218+01+070   	        218.5 	          0.8 	        218.3 	          0.6 	          2.8 	          2.0 	        -19.2 	      70100.0 	      11300.0 	          9.7 	          NaN 
NaN   	 216+05+070   	        216.2 	          5.2 	        216.5 	          4.9 	          1.4 	          1.1 	         75.1 	      70100.0 	       8200.0 	         10.7 	          NaN 
NaN   	 215+05+063   	        212.7 	          5.8 	        214.6 	          4.5 	          3.1 	          2.4 	         25.4 	      62900.0 	      10300.0 	         10.1 	          NaN 
NaN   	 214-06+057   	        214.3 	         -6.2 	        214.5 	         -5.6 	          1.5 	          1.1 	        122.4 	      56700.0 	      10300.0 	          7.8 	          NaN 
NaN   	 214-01+070   	        213.2 	         -1.0 	        214.1 	         -1.1 	          1.8 	          1.3 	        -22.5 	      70100.0 	      11300.0 	         12.4 	          NaN 
NaN   	 212+06+034   	        212.2 	          6.4 	        211.9 	          6.0 	          2.7 	          2.4 	          2.7 	      34000.0 	      25800.0 	          3.8 	          NaN 
NaN   	 212+04+053   	        211.7 	          3.7 	        211.7 	          3.6 	          1.2 	          0.9 	        -17.7 	      52600.0 	      12400.0 	          7.5 	          NaN 
NaN   	 212-30+020   	        212.2 	        -30.4 	        211.5 	        -30.3 	          5.1 	          3.5 	         37.6 	      19600.0 	       7200.0 	          2.2 	          NaN 
NaN   	 211+07+049   	        211.2 	          8.8 	        211.0 	          7.4 	          2.8 	          2.2 	        -10.3 	      49500.0 	      12400.0 	          7.0 	          NaN 
NaN   	 210-10+038   	        209.5 	        -11.1 	        209.9 	         -9.6 	          3.5 	          2.6 	        -38.8 	      38100.0 	      13400.0 	          5.0 	          NaN 
NaN   	 209-41+022   	        212.1 	        -43.7 	        209.5 	        -41.2 	          9.4 	          4.5 	        130.0 	      21600.0 	      12400.0 	          3.1 	          NaN 
NaN   	 209+03+047   	        208.5 	          2.7 	        208.8 	          2.9 	          1.3 	          0.9 	         37.7 	      47400.0 	       8300.0 	          7.3 	          NaN 
NaN   	 209-41+022   	        209.2 	        -43.8 	        208.6 	        -41.0 	          8.6 	          7.4 	         88.4 	      21600.0 	      12400.0 	          3.4 	          NaN 
NaN   	 208-03+030   	        208.1 	         -3.7 	        207.9 	         -3.5 	          2.4 	          2.1 	        104.6 	      29900.0 	       6200.0 	          3.6 	          NaN 
NaN   	 206-01+056   	        205.6 	         -0.5 	        206.0 	         -0.7 	          1.5 	          1.1 	         52.2 	      55700.0 	      11300.0 	         12.1 	          NaN 
NaN   	 204+06+033   	        203.2 	          9.3 	        204.4 	          6.4 	          4.4 	          4.1 	         18.3 	      33000.0 	      10300.0 	          5.4 	          NaN 
NaN   	 203+25+016   	        203.2 	         24.3 	        202.5 	         25.0 	          6.1 	          3.9 	         -3.1 	      16500.0 	      18600.0 	          2.2 	          NaN 
NaN   	 203-11+025   	        202.7 	        -11.7 	        202.5 	        -11.5 	          2.5 	          2.0 	         45.3 	      24700.0 	       9300.0 	          3.6 	          NaN 
NaN   	 201-29+025   	        199.7 	        -29.2 	        201.1 	        -28.8 	          5.6 	          3.6 	         77.1 	      24700.0 	      16500.0 	          5.2 	          NaN 
NaN   	 201-34+016   	        201.2 	        -33.8 	        201.0 	        -34.2 	          3.7 	          3.0 	        -16.4 	      16500.0 	      14400.0 	          2.8 	          NaN 
NaN   	 198-18+026   	        197.2 	        -18.8 	        198.4 	        -17.5 	          4.1 	          3.0 	         37.1 	      25800.0 	      12400.0 	          6.0 	          NaN 
NaN   	 197+00+039   	        196.5 	          0.3 	        196.7 	          0.0 	          1.1 	          1.0 	         57.3 	      39200.0 	       7200.0 	         13.9 	          NaN 
NaN   	 162-09-044   	        162.9 	         -9.9 	        162.5 	         -9.4 	          1.9 	          1.5 	         -4.9 	     -44300.0 	      12400.0 	         18.8 	          NaN 
NaN   	 161-03-048   	        160.7 	         -2.7 	        161.2 	         -2.6 	          1.5 	          1.2 	         12.7 	     -48400.0 	       6200.0 	         16.7 	          NaN 
NaN   	 160-06-046   	        159.5 	         -5.6 	        160.3 	         -5.6 	          1.7 	          1.5 	         -1.7 	     -46400.0 	       7200.0 	         12.9 	          NaN 
NaN   	 160+05-043   	        160.8 	          6.3 	        160.2 	          5.4 	          4.5 	          2.7 	         97.6 	     -43300.0 	      10300.0 	         12.7 	          NaN 
NaN   	 159-08-053   	        158.4 	         -9.2 	        159.3 	         -7.7 	          3.2 	          2.4 	         42.8 	     -52600.0 	       8200.0 	         16.1 	          NaN 
NaN   	 159-03-043   	        159.3 	         -4.0 	        159.1 	         -3.0 	          4.4 	          2.1 	          7.1 	     -43300.0 	       6200.0 	         10.7 	          NaN 
NaN   	 158+11-051   	        158.2 	         11.2 	        158.2 	         10.6 	          2.7 	          1.2 	         -1.8 	     -50500.0 	      10300.0 	         14.4 	          NaN 
NaN   	 157+00-065   	        158.1 	          0.3 	        157.3 	         -0.1 	          2.7 	          1.9 	         23.1 	     -64900.0 	      24700.0 	         31.4 	          NaN 
NaN   	 156+14-049   	        156.5 	         14.3 	        156.5 	         14.0 	          1.7 	          1.5 	        109.2 	     -49500.0 	       7200.0 	         11.9 	          NaN 
NaN   	 156+13-015   	        154.9 	         13.1 	        156.3 	         12.8 	          6.1 	          2.6 	        -21.6 	     -15500.0 	       9300.0 	          1.7 	          NaN 
NaN   	 156-05-061   	        156.1 	         -5.8 	        155.9 	         -5.4 	          2.9 	          1.8 	        -14.4 	     -60800.0 	      13400.0 	         18.4 	          NaN 
NaN   	 156-05-053   	        155.7 	         -4.7 	        155.5 	         -4.7 	          1.9 	          1.5 	         80.6 	     -52600.0 	       7200.0 	         11.9 	          NaN 
NaN   	 155+23-047   	        154.7 	         27.6 	        155.0 	         23.3 	         10.1 	          8.7 	         68.6 	     -47400.0 	      23700.0 	         11.3 	          NaN 
NaN   	 153-01-066   	        153.6 	          0.2 	        153.1 	         -0.7 	          2.3 	          1.6 	        -26.1 	     -66000.0 	      11300.0 	         17.7 	          NaN 
NaN   	 152+24-052   	        149.7 	         24.3 	        151.7 	         24.1 	         10.4 	          9.2 	         91.4 	     -51500.0 	      20600.0 	          9.2 	          NaN 
NaN   	 150-11-043   	        150.7 	        -11.1 	        150.2 	        -10.8 	          2.1 	          1.5 	         53.0 	     -43300.0 	      23700.0 	          6.2 	          NaN 
NaN   	 149+01-086   	        150.3 	          2.8 	        149.0 	          1.0 	          5.6 	          3.9 	         80.2 	     -85500.0 	      21600.0 	         31.1 	          NaN 
NaN   	 148-05-057   	        148.2 	         -5.2 	        148.3 	         -5.1 	          2.3 	          1.6 	         68.9 	     -56700.0 	      22700.0 	          8.6 	          NaN 
NaN   	 148+03-029   	        149.1 	          4.3 	        148.1 	          3.2 	          3.1 	          1.2 	          0.6 	     -28900.0 	      11300.0 	          3.1 	          NaN 
NaN   	 148-01-076   	        149.1 	         -0.7 	        148.1 	         -1.1 	          2.5 	          2.0 	        123.6 	     -76300.0 	       9300.0 	         18.0 	          NaN 
NaN   	 148-09-038   	        148.3 	         -9.0 	        148.0 	         -8.7 	          2.6 	          2.1 	         52.4 	     -38100.0 	      18600.0 	          4.6 	          NaN 
NaN   	 148-35-012   	        145.2 	        -34.2 	        147.7 	        -35.2 	          9.4 	          7.2 	         79.3 	     -12400.0 	      11300.0 	          1.2 	          NaN 
NaN   	 147+10-051   	        147.9 	         10.8 	        147.4 	         10.2 	          1.8 	          1.5 	         83.5 	     -50500.0 	      18600.0 	          7.1 	          NaN 
NaN   	 146-15-033   	        145.4 	        -15.6 	        145.8 	        -15.4 	          2.7 	          1.7 	        124.8 	     -33000.0 	      14400.0 	          3.5 	          NaN 
NaN   	 146+02-056   	        145.7 	          1.7 	        145.7 	          1.6 	          1.3 	          0.9 	        -10.7 	     -55700.0 	       8200.0 	          7.4 	          NaN 
NaN   	 143+06-070   	        145.7 	          6.8 	        143.2 	          5.7 	          4.3 	          3.8 	         41.5 	     -70100.0 	      10300.0 	         11.8 	          NaN 
NaN   	 143-16-049   	        141.7 	        -18.9 	        142.8 	        -16.3 	          7.5 	          6.5 	         28.7 	     -49500.0 	      22700.0 	          5.9 	          NaN 
NaN   	 142+43-052   	        141.8 	         44.3 	        141.7 	         42.6 	          4.4 	          2.8 	          5.0 	     -51500.0 	      15500.0 	         10.3 	          NaN 
NaN   	 141+02-083   	        141.3 	          1.7 	        141.3 	          1.6 	          1.8 	          1.4 	         15.1 	     -83500.0 	       7200.0 	         14.0 	          NaN 
NaN   	 139-06-033   	        138.8 	         -6.3 	        138.5 	         -5.8 	          3.0 	          2.4 	         24.7 	     -33000.0 	      29900.0 	          3.0 	          NaN 
NaN   	 138-02-098   	        138.4 	         -3.0 	        138.0 	         -2.5 	          1.8 	          1.3 	         -5.2 	     -97900.0 	      11300.0 	         18.5 	          NaN 
NaN   	 137+04-071   	        136.8 	          4.6 	        136.6 	          4.4 	          2.1 	          1.7 	         38.0 	     -71100.0 	       9300.0 	          8.7 	          NaN 
NaN   	 135+01-101   	        135.6 	          2.1 	        135.4 	          1.2 	          3.4 	          2.0 	         38.3 	    -101000.0 	       7200.0 	         17.6 	          NaN 
NaN   	 135-09-070   	        135.2 	        -11.2 	        135.3 	         -8.7 	          3.8 	          2.8 	         76.3 	     -70100.0 	      12400.0 	          8.4 	          NaN 
NaN   	 135-05-090   	        134.5 	         -5.2 	        134.9 	         -4.6 	          2.9 	          2.4 	         55.0 	     -89700.0 	      12400.0 	         12.8 	          NaN 
NaN   	 135-07-077   	        134.4 	         -7.4 	        134.7 	         -6.6 	          1.9 	          1.7 	        106.5 	     -77300.0 	      14400.0 	          9.6 	          NaN 
NaN   	 134+06-038   	        134.5 	          7.3 	        134.4 	          6.3 	          5.0 	          3.3 	         39.0 	     -38100.0 	      23700.0 	          3.4 	          NaN 
NaN   	 134-07-082   	        133.5 	         -8.2 	        134.2 	         -7.1 	          3.8 	          2.1 	        -11.3 	     -82500.0 	      21600.0 	         10.6 	          NaN 
NaN   	 134-25-020   	        134.7 	        -25.6 	        134.0 	        -25.1 	          7.3 	          6.5 	          0.3 	     -19600.0 	      17500.0 	          1.7 	          NaN 
NaN   	 133-03-078   	        133.2 	         -3.7 	        133.0 	         -3.2 	          2.2 	          1.4 	         36.5 	     -78300.0 	      11300.0 	          9.4 	          NaN 
NaN   	 133+00-088   	        132.8 	         -1.2 	        132.8 	         -0.2 	          3.1 	          2.2 	         13.5 	     -87600.0 	       7200.0 	         11.5 	          NaN 
NaN   	 133-07-073   	        131.9 	         -7.7 	        132.5 	         -6.7 	          2.5 	          1.8 	        -23.9 	     -73200.0 	      19600.0 	          8.3 	          NaN 
NaN   	 132-28-031   	        132.7 	        -29.6 	        132.2 	        -28.0 	          9.3 	          6.2 	         32.7 	     -30900.0 	      24700.0 	          3.0 	          NaN 
NaN   	 131+05-071   	        131.1 	          5.8 	        130.8 	          5.4 	          2.4 	          1.7 	         36.6 	     -71100.0 	      14400.0 	          7.7 	          NaN 
NaN   	 131+03-056   	        130.2 	          3.7 	        130.6 	          3.3 	          2.8 	          2.2 	        -37.9 	     -55700.0 	       9300.0 	          5.3 	          NaN 
NaN   	 130-17-048   	        133.2 	        -21.2 	        130.4 	        -17.3 	          7.2 	          4.9 	         43.4 	     -48400.0 	      16500.0 	          5.0 	          NaN 
NaN   	 130+04-088   	        129.7 	          4.3 	        129.8 	          3.5 	          1.5 	          1.5 	        -22.6 	     -87600.0 	       9300.0 	         10.8 	          NaN 
NaN   	 129+01-108   	        129.3 	          1.3 	        129.3 	          0.9 	          2.0 	          1.4 	         27.3 	    -108200.0 	       9300.0 	         16.7 	          NaN 
NaN   	 129+06-086   	        129.1 	          6.8 	        129.0 	          5.8 	          3.0 	          1.6 	          4.5 	     -85500.0 	      17700.0 	         10.3 	          NaN 
NaN   	 129-01-114   	        129.7 	         -1.7 	        128.7 	         -0.9 	          2.5 	          1.9 	         24.7 	    -114400.0 	      12400.0 	         19.6 	          NaN 
NaN   	 129+09-069   	        128.8 	          9.1 	        128.5 	          9.1 	          2.5 	          2.1 	         -5.6 	     -69100.0 	      12400.0 	          7.2 	          NaN 
NaN   	 128+03-081   	        127.8 	          3.4 	        127.8 	          3.0 	          1.6 	          1.3 	        -13.9 	     -81400.0 	      17500.0 	          9.1 	          NaN 
NaN   	 128+06-111   	        128.2 	          5.0 	        127.8 	          5.7 	          1.9 	          1.5 	         15.2 	    -111300.0 	       9200.0 	         17.5 	          NaN 
NaN   	 128+04-099   	        127.1 	          4.5 	        127.6 	          3.6 	          1.5 	          1.4 	         -7.9 	     -98900.0 	       9300.0 	         13.0 	          NaN 
NaN   	 127-02-100   	        127.2 	         -2.2 	        127.4 	         -2.0 	          1.5 	          1.1 	          7.0 	    -100000.0 	      10300.0 	         13.2 	          NaN 
NaN   	 127+05-094   	        126.9 	          6.0 	        126.9 	          5.3 	          2.1 	          1.4 	        -15.5 	     -93800.0 	      10300.0 	         11.7 	          NaN 
NaN   	 127+05-040   	        126.7 	          5.9 	        126.6 	          5.1 	          2.3 	          2.1 	        121.1 	     -40200.0 	      24700.0 	          3.4 	          NaN 
NaN   	 127+09-079   	        127.2 	          8.8 	        126.5 	          8.9 	          3.9 	          2.6 	        -15.1 	     -79400.0 	       8300.0 	          8.8 	          NaN 
NaN   	 125+04-076   	        125.7 	          4.4 	        125.3 	          3.9 	          2.2 	          1.8 	         31.5 	     -76300.0 	      22700.0 	          8.0 	          NaN 
NaN   	 124+09-064   	        124.9 	          9.3 	        124.5 	          8.6 	          2.6 	          1.9 	          5.6 	     -63900.0 	      32000.0 	          6.3 	          NaN 
NaN   	 124+14-026   	        124.7 	         16.8 	        123.9 	         14.1 	          5.1 	          2.7 	          9.0 	     -25800.0 	      11300.0 	          2.2 	          NaN 
NaN   	 123+06-109   	        122.0 	          6.7 	        123.0 	          5.5 	          3.2 	          2.6 	          7.3 	    -109200.0 	      10300.0 	         14.6 	          NaN 
NaN   	 123+12-076   	        122.6 	         12.7 	        122.9 	         12.4 	          3.0 	          2.6 	         45.4 	     -76300.0 	      15500.0 	          8.1 	          NaN 
NaN   	 122+06-077   	        122.5 	          5.6 	        122.2 	          5.8 	          1.6 	          1.2 	         30.6 	     -77300.0 	       6200.0 	          8.0 	          NaN 
NaN   	 122+09-042   	        122.1 	          8.8 	        122.1 	          8.8 	          4.5 	          4.1 	         16.0 	     -42300.0 	      12400.0 	          3.7 	          NaN 
NaN   	 122+02-077   	        121.3 	          1.4 	        121.7 	          1.8 	          2.1 	          1.1 	          8.6 	     -77300.0 	      15500.0 	          7.9 	          NaN 
NaN   	 122+14-060   	        121.5 	         14.1 	        121.6 	         13.9 	          1.7 	          1.7 	         14.7 	     -59800.0 	      25800.0 	          5.8 	          NaN 
NaN   	 121+02-119   	        121.5 	          1.8 	        121.2 	          1.5 	          1.9 	          1.7 	         93.6 	    -118500.0 	      13400.0 	         17.2 	          NaN 
NaN   	 121+00-076   	        120.7 	         -1.1 	        120.9 	         -0.1 	          2.7 	          2.1 	        -10.6 	     -76300.0 	      19600.0 	          7.7 	          NaN 
NaN   	 121+04-090   	        121.1 	          4.2 	        120.9 	          3.7 	          2.2 	          1.9 	         15.9 	     -89700.0 	      25800.0 	          9.9 	          NaN 
NaN   	 120-05-073   	        118.7 	         -5.3 	        119.7 	         -4.8 	          4.8 	          2.8 	          0.7 	     -73200.0 	       7200.0 	          7.3 	          NaN 
NaN   	 120+06-105   	        119.4 	          5.6 	        119.6 	          5.6 	          1.5 	          1.4 	         -0.4 	    -105100.0 	      11300.0 	         13.0 	          NaN 
NaN   	 120+04-085   	        119.8 	          4.6 	        119.6 	          4.3 	          2.0 	          1.9 	        124.8 	     -84500.0 	      27800.0 	          9.0 	          NaN 
NaN   	 118+06-096   	        118.2 	          7.4 	        118.0 	          6.5 	          2.2 	          1.6 	        -30.2 	     -95800.0 	      12400.0 	         11.0 	          NaN 
NaN   	 118+02-115   	        118.2 	          2.6 	        118.0 	          2.5 	          2.2 	          1.8 	        -35.7 	    -115400.0 	      10300.0 	         15.4 	          NaN 
NaN   	 118+02-076   	        117.8 	          2.2 	        117.9 	          2.1 	          1.4 	          1.2 	        -34.4 	     -76300.0 	      12400.0 	          7.7 	          NaN 
NaN   	 118+05-069   	        118.0 	          4.8 	        117.7 	          4.5 	          1.4 	          0.8 	        -23.2 	     -69100.0 	      11300.0 	          6.7 	          NaN 
NaN   	 118+11-061   	        117.3 	         11.5 	        117.7 	         10.9 	          4.2 	          2.9 	         -4.7 	     -60800.0 	      38100.0 	          5.8 	          NaN 
NaN   	 117-02-121   	        116.9 	         -3.0 	        117.4 	         -1.7 	          3.6 	          2.4 	         15.0 	    -120600.0 	      23700.0 	         16.6 	          NaN 
NaN   	 117-02-071   	        116.9 	         -2.2 	        117.1 	         -2.0 	          2.3 	          1.6 	          4.5 	     -71100.0 	      25800.0 	          7.0 	          NaN 
NaN   	 116+03-081   	        116.7 	          2.9 	        116.3 	          3.1 	          2.1 	          1.2 	         19.3 	     -81400.0 	      16500.0 	          8.4 	          NaN 
NaN   	 116+01-103   	        116.2 	          1.2 	        116.1 	          1.3 	          1.7 	          1.3 	        -42.4 	    -103100.0 	      12400.0 	         12.1 	          NaN 
NaN   	 116-07-068   	        115.7 	         -7.2 	        116.0 	         -7.2 	          1.3 	          1.2 	         31.5 	     -68000.0 	      25800.0 	          6.6 	          NaN 
NaN   	 115+26-064   	        114.2 	         29.4 	        115.4 	         26.1 	         13.4 	         10.8 	         58.9 	     -63900.0 	      38100.0 	          7.3 	          NaN 
NaN   	 115+13-036   	        113.9 	         14.8 	        114.8 	         13.3 	          3.1 	          2.2 	         37.4 	     -36100.0 	      27800.0 	          3.4 	          NaN 
NaN   	 115+08-127   	        116.2 	          8.6 	        114.8 	          8.5 	          2.8 	          1.7 	          4.4 	    -126800.0 	      25800.0 	         19.0 	          NaN 
NaN   	 114+36-075   	        114.7 	         35.6 	        114.5 	         35.8 	          2.7 	          1.4 	         -4.3 	     -75200.0 	      15500.0 	         10.1 	          NaN 
NaN   	 114-09-029   	        113.2 	        -10.2 	        113.6 	         -9.0 	          3.2 	          2.4 	        -43.8 	     -28900.0 	      10300.0 	          2.6 	          NaN 
NaN   	 113+06-122   	        113.7 	          6.0 	        113.4 	          5.6 	          2.7 	          1.7 	        130.5 	    -121600.0 	      15500.0 	         16.5 	          NaN 
NaN   	 113+02-053   	        113.4 	          2.5 	        113.3 	          2.4 	          1.9 	          1.5 	         57.9 	     -52600.0 	      19600.0 	          4.9 	          NaN 
NaN   	 113-03-114   	        111.7 	         -3.2 	        112.8 	         -2.5 	          3.1 	          2.5 	          6.7 	    -114400.0 	      19600.0 	         14.3 	          NaN 
NaN   	 112+02-092   	        111.9 	          2.8 	        111.6 	          2.5 	          1.7 	          0.7 	         -1.0 	     -91700.0 	       9300.0 	          9.9 	          NaN 
NaN   	 112+01-102   	        111.9 	          1.5 	        111.6 	          1.3 	          1.8 	          1.5 	         -2.7 	    -102000.0 	      15500.0 	         11.7 	          NaN 
NaN   	 111-02-107   	        112.1 	         -2.7 	        111.4 	         -2.0 	          1.9 	          1.4 	         61.6 	    -107200.0 	      16500.0 	         12.7 	          NaN 
NaN   	 111+08-041   	        110.9 	          8.8 	        111.3 	          7.6 	          2.4 	          1.7 	        129.8 	     -41200.0 	      42300.0 	          3.9 	          NaN 
NaN   	 111+01-078   	        111.2 	          0.9 	        111.1 	          0.8 	          1.1 	          1.0 	         53.0 	     -78300.0 	      23700.0 	          8.0 	          NaN 
NaN   	 111-03-083   	        111.9 	         -4.2 	        111.0 	         -3.4 	          2.6 	          1.9 	          3.4 	     -83500.0 	      33000.0 	          8.7 	          NaN 
NaN   	 111+17-029   	        111.2 	         19.0 	        110.8 	         16.9 	          4.5 	          3.7 	        -10.3 	     -28900.0 	      18600.0 	          2.8 	          NaN 
NaN   	 110+04-061   	        110.2 	          3.6 	        110.4 	          3.6 	          1.3 	          1.2 	        -26.6 	     -60800.0 	      10300.0 	          6.0 	          NaN 
NaN   	 110+00-069   	        110.7 	         -0.7 	        110.3 	         -0.2 	          1.4 	          1.0 	         15.0 	     -69100.0 	      10300.0 	          6.9 	          NaN 
NaN   	 110+06-068   	        109.7 	          7.2 	        109.8 	          6.1 	          1.9 	          1.8 	         15.8 	     -68000.0 	      20600.0 	          6.8 	          NaN 
NaN   	 110+02-043   	        109.3 	          2.4 	        109.7 	          1.9 	          2.2 	          2.0 	         58.4 	     -43300.0 	      14400.0 	          4.2 	          NaN 
NaN   	 110+03-133   	        108.9 	          3.1 	        109.5 	          2.7 	          2.4 	          1.4 	         -1.8 	    -132900.0 	      13500.0 	         19.1 	          NaN 
NaN   	 109-08-065   	        109.7 	         -8.4 	        108.9 	         -7.9 	          2.8 	          1.8 	        -24.5 	     -64900.0 	      17500.0 	          6.5 	          NaN 
NaN   	 108+04-057   	        108.3 	          4.6 	        108.2 	          3.8 	          2.2 	          1.7 	        -15.5 	     -56700.0 	       7200.0 	          5.6 	          NaN 
NaN   	 107+20-030   	        107.4 	         20.3 	        106.9 	         20.3 	          3.2 	          1.9 	        -34.7 	     -29900.0 	      14400.0 	          3.2 	          NaN 
NaN   	 106-04-086   	        105.7 	         -4.5 	        105.6 	         -4.3 	          1.4 	          1.3 	        119.4 	     -85500.0 	      25800.0 	          9.2 	          NaN 
NaN   	 105+24-046   	        106.3 	         23.8 	        104.7 	         24.2 	          5.2 	          2.3 	        130.1 	     -46400.0 	      12400.0 	          5.1 	          NaN 
NaN   	 104+01-070   	        104.2 	          1.2 	        104.3 	          1.1 	          1.3 	          0.8 	         -6.3 	     -70100.0 	      15500.0 	          7.4 	          NaN 
NaN   	 104+03-069   	        104.1 	          3.8 	        104.2 	          3.2 	          1.3 	          0.8 	        133.6 	     -69100.0 	      10300.0 	          7.3 	          NaN 
NaN   	 104+04-081   	        104.2 	          4.5 	        104.2 	          4.5 	          1.4 	          0.9 	        115.6 	     -81400.0 	      10300.0 	          8.8 	          NaN 
NaN   	 104-24-023   	        103.8 	        -25.2 	        104.0 	        -24.3 	          3.3 	          2.0 	        -38.0 	     -22700.0 	      11300.0 	          2.8 	          NaN 
NaN   	 103+06-074   	        102.1 	          6.8 	        102.8 	          5.9 	          2.6 	          1.7 	         -4.0 	     -74200.0 	      20600.0 	          8.1 	          NaN 
NaN   	 103+03-111   	        104.0 	          1.5 	        102.8 	          2.6 	          2.9 	          2.2 	          1.6 	    -111300.0 	      13400.0 	         13.5 	          NaN 
NaN   	 103+37-056   	        102.7 	         37.5 	        102.7 	         37.2 	          1.6 	          1.4 	        -12.0 	     -55700.0 	      21700.0 	          7.5 	          NaN 
NaN   	 102+03-111   	        102.2 	          3.1 	        102.0 	          3.0 	          2.2 	          1.6 	         45.3 	    -111300.0 	      26800.0 	         13.6 	          NaN 
NaN   	 102-01-058   	        101.6 	         -1.8 	        101.9 	         -1.4 	          1.6 	          1.4 	        -15.2 	     -57700.0 	      14400.0 	          6.2 	          NaN 
NaN   	 102+04-060   	        101.1 	          4.2 	        101.7 	          3.9 	          1.7 	          1.5 	        -21.1 	     -59800.0 	      12400.0 	          6.5 	          NaN 
NaN   	 102-27-042   	        100.2 	        -27.7 	        101.6 	        -27.0 	          5.5 	          4.9 	        113.7 	     -42300.0 	      20600.0 	          5.3 	          NaN 
NaN   	 102+33-053   	        101.2 	         32.6 	        101.6 	         33.0 	          3.7 	          2.5 	         47.8 	     -52600.0 	      14400.0 	          6.7 	          NaN 
NaN   	 102+01-065   	        101.6 	          0.8 	        101.5 	          1.4 	          1.2 	          1.1 	        124.4 	     -64900.0 	      18600.0 	          7.0 	          NaN 
NaN   	 100+35-030   	        100.4 	         35.2 	        100.2 	         34.9 	          2.7 	          1.7 	        -42.9 	     -29900.0 	      15500.0 	          4.2 	          NaN 
NaN   	 100+03-099   	        100.2 	          3.1 	        100.1 	          3.2 	          1.2 	          0.9 	          7.0 	     -98900.0 	      13400.0 	         11.6 	          NaN 
NaN   	 100+00-077   	        100.4 	         -0.2 	         99.9 	          0.1 	          3.6 	          2.7 	        -21.3 	     -77300.0 	      20600.0 	          8.6 	          NaN 
NaN   	 099-02-055   	         99.6 	         -3.2 	         99.5 	         -2.5 	          2.0 	          1.2 	          7.2 	     -54600.0 	      37100.0 	          6.1 	          NaN 
NaN   	 099+02-060   	         99.2 	          2.6 	         99.4 	          2.3 	          1.4 	          1.0 	        -11.8 	     -59800.0 	      10300.0 	          6.7 	          NaN 
NaN   	 099+03-093   	         99.2 	          2.3 	         99.1 	          2.8 	          1.2 	          1.0 	        -29.5 	     -92800.0 	      11300.0 	         10.7 	          NaN 
NaN   	 099+05-080   	         99.0 	          6.3 	         98.9 	          4.9 	          1.9 	          1.8 	         44.6 	     -80400.0 	      13400.0 	          9.1 	          NaN 
NaN   	 099+02-070   	         98.7 	          1.8 	         98.6 	          1.9 	          1.2 	          1.0 	         -1.1 	     -70100.0 	      11300.0 	          7.9 	          NaN 
NaN   	 098+06-128   	         97.1 	          5.5 	         98.4 	          5.7 	          3.1 	          2.4 	         56.3 	    -127800.0 	      13400.0 	         17.5 	          NaN 
NaN   	 098+03-115   	         98.6 	          3.0 	         98.3 	          3.0 	          2.7 	          2.0 	        -25.9 	    -115400.0 	      27800.0 	         14.6 	          NaN 
NaN   	 097+00-070   	         97.3 	         -0.5 	         97.5 	          0.1 	          1.4 	          1.2 	        101.6 	     -70100.0 	      14400.0 	          8.0 	          NaN 
NaN   	 096+16-025   	         93.3 	         18.7 	         95.7 	         15.9 	          6.4 	          4.5 	         -8.5 	     -24700.0 	      25800.0 	          3.9 	          NaN 
NaN   	 095+03-099   	         95.2 	          2.8 	         95.2 	          3.0 	          1.5 	          0.7 	         -9.4 	     -98900.0 	      18600.0 	         12.1 	          NaN 
NaN   	 095+02-078   	         95.6 	          0.8 	         95.1 	          2.2 	          1.8 	          1.5 	         78.0 	     -78300.0 	      13400.0 	          9.2 	          NaN 
NaN   	 095+02-062   	         95.1 	          2.8 	         94.9 	          2.5 	          1.2 	          0.9 	        131.4 	     -61800.0 	      10300.0 	          7.4 	          NaN 
NaN   	 095+09-023   	         95.1 	         11.0 	         94.5 	          8.9 	          3.8 	          3.4 	         29.0 	     -22700.0 	      14400.0 	          3.4 	          NaN 
NaN   	 094+05-104   	         93.7 	          4.9 	         93.6 	          4.7 	          1.5 	          1.0 	         48.4 	    -104100.0 	      10300.0 	         13.1 	          NaN 
NaN   	 094+03-110   	         93.8 	          2.8 	         93.6 	          3.3 	          3.2 	          2.5 	        -12.1 	    -110300.0 	      23400.0 	         14.1 	          NaN 
NaN   	 093+03-031   	         92.4 	          2.8 	         92.7 	          2.9 	          1.9 	          1.3 	        -24.5 	     -30900.0 	      18600.0 	          4.5 	          NaN 
NaN   	 092+00-062   	         91.8 	         -0.4 	         92.2 	         -0.2 	          2.6 	          1.5 	          0.5 	     -61800.0 	      12400.0 	          7.8 	          NaN 
NaN   	 092+06-070   	         91.7 	          6.8 	         91.6 	          5.6 	          2.6 	          1.7 	        -22.5 	     -70100.0 	      25800.0 	          8.8 	          NaN 
NaN   	 091+03-090   	         91.2 	          4.1 	         91.3 	          3.2 	          1.4 	          1.3 	         74.0 	     -89700.0 	      18600.0 	         11.2 	          NaN 
NaN   	 091+00-069   	         91.3 	         -0.9 	         91.0 	         -0.3 	          1.6 	          1.6 	         93.4 	     -69100.0 	      23700.0 	          8.7 	          NaN 
NaN   	 091+05-078   	         90.7 	          5.3 	         91.0 	          4.5 	          1.7 	          1.2 	        104.3 	     -78300.0 	      26800.0 	          9.9 	          NaN 
NaN   	 091-01-056   	         90.2 	         -1.3 	         90.6 	         -0.8 	          1.6 	          1.3 	         -6.7 	     -55700.0 	      10300.0 	          7.4 	          NaN 
NaN   	 090+09-077   	         90.6 	         10.3 	         90.3 	          9.0 	          3.5 	          1.9 	         87.1 	     -77300.0 	      21600.0 	          9.9 	          NaN 
NaN   	 