Name   	 long 	 lat 	 X0 	 Y0 	 a 	 b 	 tita 	 V0 	 dV 	 D 	 MassMiss  	 MassShell 
GS103+07-018*   	        103.3 	         10.8 	        102.9 	          7.1 	          6.9 	          3.9 	         -7.9 	     -17500.0 	      20600.0 	          2.0 	      82800.0 
8.540000e+04   	 GS116-06-042*   	        116.9 	         -6.5 	        116.5 	         -6.1 	          2.2 	          2.1 	        -37.3 	     -42300.0 	      16500.0 	          3.8 	      18900.0 
慄   	 GS093-14-021*   	         92.2 	        -13.7 	         93.0 	        -14.3 	          5.5 	          5.0 	        -18.9 	     -20600.0 	      22700.0 	          3.5 	      45000.0 
8.880000e+04   	 GS120+16-067*   	        119.6 	         16.3 	        120.0 	         16.2 	          3.6 	          2.2 	        -13.3 	     -67000.0 	      22700.0 	          6.8 	      37900.0 
ｸ   	 GS109+06-032   	        108.5 	          6.5 	        109.3 	          5.7 	          3.0 	          2.1 	         17.1 	     -32000.0 	      20600.0 	          3.1 	      16500.0 
憨   	 GS098-25-018*   	         98.6 	        -24.8 	         97.9 	        -25.4 	          3.8 	          3.0 	         68.6 	     -17500.0 	      21600.0 	          2.6 	      10800.0 
⨰   	 GS100+09-040*   	         99.9 	          9.5 	        100.0 	          9.4 	          4.3 	          2.9 	         17.5 	     -40200.0 	      14400.0 	          4.7 	      29900.0 
킘   	 GS093+11-034*   	         92.7 	         11.3 	         92.6 	         11.1 	          2.2 	          1.3 	         26.8 	     -34000.0 	      19600.0 	          4.9 	      12800.0 
挸   	 GS098+24-032   	         97.9 	         23.6 	         97.5 	         24.1 	          2.2 	          1.8 	         27.8 	     -32000.0 	      27800.0 	          4.3 	       8060.0 
╎   	 GS101-13-056*   	        101.9 	        -14.7 	        101.3 	        -12.8 	          5.8 	          3.3 	         25.5 	     -55700.0 	      36100.0 	          6.2 	     169000.0 
2.400000e+05   	 GS105-03-061   	        105.1 	         -5.2 	        104.9 	         -2.7 	          3.3 	          2.7 	         87.1 	     -60800.0 	      16500.0 	          6.3 	     124000.0 
2.240000e+05   	 GS110-04-067   	        109.7 	         -5.3 	        109.6 	         -4.5 	          2.3 	          1.9 	         -8.9 	     -67000.0 	      32000.0 	          6.7 	      71500.0 
7.800000e+04   	 GS108+00-075*   	        107.7 	          0.1 	        107.5 	          0.5 	          1.6 	          1.4 	         18.4 	     -75200.0 	      18600.0 	          7.8 	      28600.0 
뙬   	 GS117+08-076*   	        118.7 	          8.8 	        117.0 	          7.8 	          3.1 	          2.1 	         -0.6 	     -76300.0 	      19600.0 	          7.8 	      39200.0 
홴   	 GS202+05+031   	        201.4 	          5.7 	        201.6 	          5.3 	          2.1 	          1.7 	         19.8 	      30900.0 	      20600.0 	          5.4 	       9220.0 
䏸   	 GS139+06-054*   	        140.1 	          5.9 	        139.4 	          5.9 	          2.3 	          2.0 	        -30.2 	     -53600.0 	       9200.0 	          5.9 	       8720.0 
紀   	 GS142-01-057   	        142.2 	         -1.7 	        141.8 	         -1.3 	          2.0 	          1.9 	        122.5 	     -56700.0 	      12400.0 	          6.8 	      12600.0 
佌   	 GS153-10-026*   	        152.9 	        -11.2 	        152.8 	         -9.7 	          2.7 	          2.1 	         12.6 	     -25800.0 	      10300.0 	          3.1 	      15500.0 
㲌   	 GS130+00-068*   	        129.5 	         -0.7 	        129.7 	         -0.1 	          1.5 	          0.9 	        -28.2 	     -68000.0 	       6200.0 	          7.0 	       8250.0 
㭠   	 GS161+03-036   	        161.0 	          3.7 	        160.7 	          3.0 	          2.6 	          2.1 	         37.0 	     -36100.0 	       8200.0 	          8.6 	     194000.0 
3.450000e+05   	 GS218-05+037*   	        218.2 	         -4.2 	        217.7 	         -4.6 	          3.1 	          2.2 	        -29.5 	      37100.0 	       5200.0 	          3.6 	       8030.0 
Ὠ   	 GS224-18+036   	        223.5 	        -18.6 	        224.4 	        -18.2 	          3.2 	          2.9 	         63.0 	      36100.0 	      16500.0 	          3.4 	       2190.0 
ஆ   	 GS240-13+064*   	        239.0 	        -13.4 	        240.0 	        -12.8 	          3.1 	          1.7 	         13.4 	      63900.0 	      13400.0 	          6.3 	      14500.0 
㺀   	 GS257+09+037   	        256.7 	          9.8 	        256.8 	          9.3 	          3.7 	          2.8 	        -12.9 	      37100.0 	      23700.0 	          4.0 	      28600.0 
심   	 GS257-25+030*   	        257.2 	        -25.0 	        256.9 	        -24.5 	          3.0 	          1.6 	         39.9 	      29900.0 	      13400.0 	          3.6 	       3040.0 
᚞   	 GS262-09+048*   	        260.8 	        -12.2 	        261.8 	         -9.3 	          4.4 	          3.7 	        -30.4 	      48400.0 	      17500.0 	          5.6 	      39500.0 
힠   	 GS264-04+044   	        264.2 	         -4.6 	        264.2 	         -4.3 	          1.8 	          1.4 	        -12.7 	      44300.0 	       7200.0 	          5.5 	      22300.0 
願   	 GS252-04+074*   	        252.0 	         -2.9 	        251.6 	         -4.0 	          3.5 	          3.0 	        -27.7 	      74200.0 	       9300.0 	          7.6 	      78200.0 
1.140000e+05   	 GS263-08+068*   	        263.1 	         -8.7 	        262.5 	         -7.9 	          5.2 	          2.6 	        -17.5 	      68000.0 	      17500.0 	          7.9 	     119000.0 
1.370000e+05   	 GS089-21-025*   	         91.1 	        -21.4 	         88.9 	        -21.0 	          6.9 	          4.0 	         -1.5 	     -24700.0 	      11300.0 	          4.3 	      40500.0 
罘   	 GS109+16-033*   	        109.2 	         16.9 	        109.4 	         16.4 	          3.9 	          2.4 	        132.5 	     -33000.0 	      42500.0 	          3.3 	      72400.0 
ｸ   	 GS120+08-028   	        121.7 	          9.3 	        120.1 	          8.4 	          4.1 	          3.4 	          6.2 	     -27800.0 	      27800.0 	          2.3 	      19700.0 
紀   	 GS153-10-026*   	        152.9 	        -11.2 	        152.8 	         -9.7 	          2.7 	          2.1 	         12.6 	     -25800.0 	      10300.0 	          3.1 	      10100.0 
䖈   	 GS247+06+055*   	        246.2 	          6.4 	        246.6 	          5.7 	          1.7 	          1.5 	        -42.5 	      54600.0 	      11300.0 	          5.2 	      11200.0 
≖   	 GS246-05+086   	        245.7 	         -4.7 	        245.6 	         -4.5 	          1.1 	          0.7 	         -2.9 	      85500.0 	      12400.0 	          9.0 	      19400.0 
桌   	 GS142-01-057   	        142.2 	         -1.7 	        141.8 	         -1.3 	          2.0 	          1.9 	        122.5 	     -56700.0 	      12400.0 	          6.8 	     101000.0 
7.860000e+04   	 268+00+108   	        268.4 	          0.3 	        268.3 	         -0.4 	          2.2 	          1.7 	          0.1 	     108200.0 	      11300.0 	         14.0 	          NaN 
NaN   	 268+06+036*   	        268.1 	          6.3 	        268.0 	          5.9 	          2.2 	          1.8 	         56.9 	      36100.0 	      15500.0 	          5.2 	          NaN 
NaN   	 266-05+096*   	        266.1 	         -4.5 	        266.2 	         -4.7 	          2.6 	          2.0 	        -21.8 	      95800.0 	      13400.0 	         11.8 	          NaN 
NaN   	 265-10+080*   	        266.2 	        -10.7 	        265.4 	        -10.4 	          1.8 	          1.7 	        -32.2 	      80400.0 	      10300.0 	          9.8 	          NaN 
NaN   	 265+05+043*   	        265.5 	          5.8 	        264.9 	          4.7 	          3.5 	          2.2 	        120.7 	      43300.0 	      10300.0 	          5.5 	          NaN 
NaN   	 264+23+019*   	        267.2 	         24.3 	        264.3 	         23.3 	          6.8 	          5.8 	        117.0 	      18600.0 	       5200.0 	          3.3 	          NaN 
NaN   	 263-02+093   	        263.2 	         -1.3 	        262.9 	         -1.6 	          1.4 	          0.9 	         11.6 	      92800.0 	       8200.0 	         10.9 	          NaN 
NaN   	 263+09+042*   	        262.7 	          9.8 	        262.5 	          8.6 	          2.6 	          2.1 	         47.4 	      42300.0 	      18600.0 	          5.2 	          NaN 
NaN   	 262-08+091*   	        261.8 	         -8.8 	        262.3 	         -8.4 	          1.9 	          1.6 	         -7.4 	      90700.0 	      12400.0 	         10.7 	          NaN 
NaN   	 262-01+110   	        262.0 	         -0.7 	        262.2 	         -1.5 	          1.4 	          0.9 	         69.5 	     110300.0 	       6200.0 	         13.6 	          NaN 
NaN   	 260-05+104   	        259.5 	         -5.4 	        259.9 	         -5.3 	          1.8 	          1.2 	          0.5 	     104100.0 	       6200.0 	         12.4 	          NaN 
NaN   	 258+22+020   	        258.1 	         22.3 	        257.7 	         21.7 	          5.3 	          3.1 	         75.6 	      19600.0 	      11300.0 	          2.5 	          NaN 
NaN   	 256+00+079   	        255.7 	          0.3 	        255.9 	         -0.2 	          1.4 	          1.2 	         18.0 	      79400.0 	       6200.0 	          8.5 	          NaN 
NaN   	 254-05+080   	        254.1 	         -6.2 	        254.2 	         -5.3 	          2.8 	          2.1 	          0.1 	      80400.0 	       9300.0 	          8.6 	          NaN 
NaN   	 254+30+016*   	        253.9 	         28.6 	        254.1 	         30.0 	          7.9 	          4.7 	         57.5 	      16500.0 	      13400.0 	          2.0 	          NaN 
NaN   	 252-03+039   	        252.4 	         -2.4 	        252.4 	         -3.1 	          2.1 	          1.3 	         81.7 	      39200.0 	      10300.0 	          3.9 	          NaN 
NaN   	 252+02+052*   	        252.1 	          2.6 	        252.1 	          2.3 	          2.4 	          1.5 	          5.4 	      51500.0 	       9300.0 	          5.1 	          NaN 
NaN   	 252-21+031*   	        249.6 	        -21.5 	        251.9 	        -21.5 	          6.5 	          3.6 	        115.1 	      30900.0 	      10300.0 	          3.1 	          NaN 
NaN   	 252+04+064*   	        250.7 	          3.9 	        251.6 	          3.7 	          2.1 	          1.2 	         10.4 	      63900.0 	      14400.0 	          6.3 	          NaN 
NaN   	 251-02+111   	        250.7 	         -1.8 	        251.3 	         -2.1 	          1.5 	          0.9 	         -1.2 	     111300.0 	      22700.0 	         13.5 	          NaN 
NaN   	 250-14+055*   	        249.4 	        -16.1 	        250.5 	        -14.0 	          4.3 	          2.9 	        123.7 	      54600.0 	      13400.0 	          5.5 	          NaN 
NaN   	 247-13+045*   	        246.3 	        -14.2 	        246.7 	        -13.4 	          3.3 	          2.7 	         66.1 	      45400.0 	      16500.0 	          4.3 	          NaN 
NaN   	 246-01+109   	        246.4 	         -0.7 	        246.2 	         -1.3 	          1.7 	          1.1 	         27.3 	     109200.0 	       9300.0 	         13.2 	          NaN 
NaN   	 246-06+055   	        245.7 	         -5.5 	        246.1 	         -5.5 	          2.0 	          1.6 	        -12.6 	      54600.0 	      11300.0 	          5.1 	          NaN 
NaN   	 246+00+100   	        245.8 	          0.8 	        246.1 	         -0.2 	          2.8 	          2.3 	        -34.9 	     100000.0 	       8300.0 	         11.4 	          NaN 
NaN   	 243-15+047*   	        241.7 	        -15.7 	        243.5 	        -15.0 	          5.6 	          4.9 	          1.0 	      47400.0 	      12400.0 	          4.4 	          NaN 
NaN   	 243-10+053   	        243.4 	         -9.5 	        243.4 	         -9.9 	          1.6 	          1.5 	        130.1 	      52600.0 	      27800.0 	          4.9 	          NaN 
NaN   	 243+06+047*   	        242.8 	          6.4 	        243.2 	          5.7 	          2.2 	          1.4 	         17.5 	      47400.0 	       7200.0 	          4.3 	          NaN 
NaN   	 241-19+035*   	        241.7 	        -20.1 	        240.9 	        -19.4 	          3.1 	          1.9 	         44.0 	      35000.0 	      10300.0 	          3.2 	          NaN 
NaN   	 241+08+066   	        240.8 	          8.4 	        240.9 	          8.3 	          1.5 	          1.4 	         23.3 	      66000.0 	      17500.0 	          6.4 	          NaN 
NaN   	 240-08+051   	        239.6 	         -7.7 	        240.4 	         -7.8 	          2.3 	          1.9 	         85.9 	      50500.0 	       5200.0 	          4.6 	          NaN 
NaN   	 238+02+068*   	        237.5 	          2.4 	        238.0 	          1.7 	          2.7 	          1.7 	        -20.9 	      68000.0 	      15500.0 	          6.6 	          NaN 
NaN   	 238-07+057   	        238.2 	         -7.7 	        237.6 	         -7.2 	          2.4 	          1.7 	        -13.4 	      56700.0 	       6200.0 	          5.3 	          NaN 
NaN   	 237+11+032*   	        236.5 	         13.3 	        237.0 	         11.2 	          4.7 	          3.9 	         62.7 	      32000.0 	       7200.0 	          2.7 	          NaN 
NaN   	 235-03+083   	        234.7 	         -2.7 	        235.1 	         -2.5 	          1.2 	          0.8 	         48.0 	      83500.0 	       9300.0 	          9.2 	          NaN 
NaN   	 231+01+087   	        231.7 	          2.8 	        231.4 	          1.4 	          3.3 	          2.4 	        102.1 	      86600.0 	      14400.0 	         10.2 	          NaN 
NaN   	 229-02+094   	        227.9 	         -1.3 	        228.8 	         -2.0 	          2.2 	          1.5 	          1.9 	      93800.0 	       8200.0 	         13.0 	          NaN 
NaN   	 226-07+039   	        226.7 	         -7.7 	        226.3 	         -7.4 	          2.9 	          2.0 	        -41.2 	      39200.0 	      15500.0 	          3.5 	          NaN 
NaN   	 224+07+038   	        225.1 	          9.3 	        224.4 	          6.8 	          4.6 	          3.9 	         22.8 	      38100.0 	      15500.0 	          3.4 	          NaN 
NaN   	 220+00+048   	        220.6 	         -0.1 	        219.6 	         -0.2 	          2.0 	          1.0 	          8.7 	      48400.0 	       6200.0 	          5.0 	          NaN 
NaN   	 219-27+023*   	        219.7 	        -27.2 	        218.6 	        -27.4 	         11.1 	          6.5 	        -28.5 	      22700.0 	       9600.0 	          2.2 	          NaN 
NaN   	 218+03+055   	        217.3 	          4.1 	        217.6 	          3.4 	          2.1 	          1.3 	          9.5 	      54600.0 	       7200.0 	          6.5 	          NaN 
NaN   	 217-03+065   	        217.1 	         -3.5 	        217.4 	         -2.9 	          1.5 	          1.3 	        -15.7 	      64900.0 	       6200.0 	          8.9 	          NaN 
NaN   	 216-21+035*   	        216.1 	        -20.5 	        216.2 	        -21.2 	          2.5 	          2.0 	         77.1 	      35000.0 	      19600.0 	          3.8 	          NaN 
NaN   	 215-11+033   	        215.8 	        -11.3 	        215.2 	        -10.6 	          3.0 	          2.2 	         22.5 	      33000.0 	       6200.0 	          3.3 	          NaN 
NaN   	 208-36+016*   	        208.2 	        -36.7 	        207.6 	        -35.7 	          4.1 	          2.0 	        -11.0 	      16500.0 	      10300.0 	          2.2 	          NaN 
NaN   	 206+07+051   	        206.4 	          7.8 	        206.5 	          7.3 	          2.3 	          1.5 	        121.4 	      50500.0 	      15500.0 	          9.4 	          NaN 
NaN   	 203+09+025*   	        204.2 	         10.0 	        203.2 	          9.2 	          2.5 	          2.0 	         59.6 	      24700.0 	      12400.0 	          3.3 	          NaN 
NaN   	 202+05+031   	        201.4 	          5.7 	        201.6 	          5.3 	          2.1 	          1.7 	         19.8 	      30900.0 	      20600.0 	          5.4 	          NaN 
NaN   	 199-39+022   	        198.7 	        -39.1 	        199.4 	        -38.8 	          3.9 	          2.6 	        -15.6 	      21600.0 	       6200.0 	          5.4 	          NaN 
NaN   	 199+02+033   	        199.2 	          2.8 	        199.0 	          2.3 	          1.4 	          1.4 	        118.7 	      33000.0 	       9300.0 	          7.1 	          NaN 
NaN   	 163+09-048   	        164.1 	          9.2 	        162.9 	          8.8 	          2.9 	          2.5 	        -38.4 	     -48400.0 	      16500.0 	         35.3 	          NaN 
NaN   	 158-27-039   	        158.2 	        -27.7 	        158.1 	        -26.7 	          1.9 	          1.7 	        127.7 	     -39200.0 	      14400.0 	         10.0 	          NaN 
NaN   	 157-02-049   	        156.7 	         -2.2 	        156.7 	         -2.0 	          1.3 	          0.9 	         -0.3 	     -49500.0 	       8300.0 	         11.2 	          NaN 
NaN   	 157+03-044   	        156.8 	          3.4 	        156.6 	          3.2 	          1.4 	          1.2 	         90.6 	     -44300.0 	       9300.0 	          9.0 	          NaN 
NaN   	 156+32-053   	        155.8 	         31.8 	        155.9 	         31.8 	          1.7 	          0.7 	          9.1 	     -52600.0 	       9300.0 	         18.4 	          NaN 
NaN   	 154+35-057   	        155.2 	         35.7 	        154.5 	         35.4 	          4.4 	          3.1 	        -12.3 	     -56700.0 	      14400.0 	         25.9 	          NaN 
NaN   	 154+00-071   	        153.7 	          0.2 	        153.9 	          0.0 	          1.6 	          1.1 	         23.3 	     -71100.0 	       9300.0 	         22.9 	          NaN 
NaN   	 153+34-052   	        153.0 	         34.6 	        153.1 	         34.5 	          2.4 	          1.9 	         15.5 	     -51500.0 	      11300.0 	         14.4 	          NaN 
NaN   	 153-05-029*   	        152.8 	         -4.8 	        152.5 	         -4.5 	          3.2 	          2.5 	         77.6 	     -28900.0 	       6200.0 	          3.6 	          NaN 
NaN   	 152-03-078   	        152.2 	         -2.8 	        151.9 	         -2.7 	          2.1 	          1.1 	        -11.8 	     -78300.0 	       9300.0 	         27.4 	          NaN 
NaN   	 150+05-058   	        150.2 	          6.3 	        149.6 	          4.7 	          3.6 	          2.4 	        122.5 	     -57700.0 	      17500.0 	         10.0 	          NaN 
NaN   	 147+41-056   	        147.3 	         41.2 	        147.5 	         40.7 	          2.8 	          2.0 	          9.0 	     -55700.0 	      12400.0 	         14.4 	          NaN 
NaN   	 147-09-056   	        146.7 	        -10.4 	        146.7 	         -9.4 	          2.5 	          1.9 	         68.1 	     -55700.0 	       9300.0 	          8.0 	          NaN 
NaN   	 146+06-045*   	        146.6 	          7.7 	        146.5 	          6.2 	          2.6 	          1.5 	        -32.3 	     -45400.0 	      11300.0 	          5.6 	          NaN 
NaN   	 146-05-078   	        146.4 	         -5.4 	        145.8 	         -5.1 	          2.8 	          1.7 	         19.0 	     -78300.0 	      12400.0 	         16.1 	          NaN 
NaN   	 146-48-016   	        143.7 	        -46.9 	        145.8 	        -48.0 	          7.6 	          4.9 	          2.3 	     -16500.0 	       8200.0 	          2.1 	          NaN 
NaN   	 145+38-058   	        145.2 	         37.1 	        145.0 	         37.7 	          2.8 	          1.8 	         -4.1 	     -57700.0 	      12400.0 	         12.1 	          NaN 
NaN   	 145-09-066   	        144.4 	        -10.2 	        144.8 	         -9.2 	          3.3 	          2.0 	        121.3 	     -66000.0 	      12400.0 	         10.0 	          NaN 
NaN   	 142-15-030*   	        141.9 	        -16.2 	        142.1 	        -15.2 	          4.7 	          2.5 	         20.4 	     -29900.0 	      13400.0 	          2.9 	          NaN 
NaN   	 141-05-041*   	        141.2 	         -6.1 	        141.4 	         -5.3 	          3.9 	          2.4 	         34.5 	     -41200.0 	      20600.0 	          4.2 	          NaN 
NaN   	 141+18-057   	        144.6 	         23.5 	        141.2 	         17.8 	         10.2 	          7.9 	         -9.6 	     -56700.0 	      16500.0 	          8.6 	          NaN 
NaN   	 139+09-067   	        139.5 	         11.1 	        138.9 	          9.1 	          3.9 	          2.4 	        -14.3 	     -67000.0 	      13400.0 	          8.6 	          NaN 
NaN   	 138+08-077   	        137.7 	          8.6 	        137.8 	          7.8 	          5.0 	          3.0 	         32.0 	     -77300.0 	       9300.0 	         10.5 	          NaN 
NaN   	 137+06-029*   	        137.6 	          6.4 	        136.7 	          6.3 	          3.5 	          2.7 	         -5.8 	     -28900.0 	      15500.0 	          2.5 	          NaN 
NaN   	 136+05-102   	        137.2 	          4.4 	        136.4 	          4.6 	          2.3 	          1.7 	         14.0 	    -102000.0 	      14400.0 	         19.7 	          NaN 
NaN   	 136-04-077   	        136.2 	         -3.7 	        136.3 	         -3.7 	          2.5 	          2.2 	        125.1 	     -77300.0 	      10300.0 	          9.9 	          NaN 
NaN   	 135+08-057   	        135.2 	          9.0 	        135.4 	          8.5 	          2.2 	          1.7 	        -10.2 	     -56700.0 	      11300.0 	          5.9 	          NaN 
NaN   	 135+05-081   	        135.2 	          5.5 	        134.6 	          4.7 	          2.6 	          2.1 	         -8.0 	     -81400.0 	      12400.0 	         10.7 	          NaN 
NaN   	 135+02-090   	        135.2 	          2.6 	        134.5 	          2.2 	          2.4 	          1.6 	         -6.3 	     -89700.0 	      11300.0 	         13.0 	          NaN 
NaN   	 134+11-044*   	        132.7 	         12.0 	        134.0 	         10.9 	          4.0 	          2.1 	          4.2 	     -44300.0 	       9300.0 	          4.1 	          NaN 
NaN   	 133-03-063   	        132.9 	         -3.3 	        133.0 	         -3.1 	          2.0 	          1.3 	         26.7 	     -62900.0 	       7200.0 	          6.5 	          NaN 
NaN   	 132+04-106   	        133.0 	          3.4 	        132.1 	          3.6 	          2.7 	          1.4 	        -16.2 	    -106200.0 	       7200.0 	         18.1 	          NaN 
NaN   	 132-01-078   	        132.2 	         -0.9 	        131.9 	         -0.5 	          1.3 	          1.2 	         27.1 	     -78300.0 	      10300.0 	          9.2 	          NaN 
NaN   	 132+01-109   	        132.3 	          1.1 	        131.8 	          1.3 	          2.3 	          1.3 	         19.2 	    -109200.0 	       9300.0 	         19.0 	          NaN 
NaN   	 131-05-067*   	        131.0 	         -5.6 	        131.2 	         -5.4 	          1.5 	          1.0 	         11.7 	     -67000.0 	      24700.0 	          7.0 	          NaN 
NaN   	 130-04-096   	        130.7 	         -4.6 	        130.5 	         -4.1 	          2.0 	          1.0 	         25.1 	     -95800.0 	      17500.0 	         13.2 	          NaN 
NaN   	 130+00-101   	        130.2 	          0.3 	        129.6 	          0.3 	          2.9 	          2.0 	         27.6 	    -101000.0 	       7200.0 	         14.5 	          NaN 
NaN   	 128-07-066*   	        128.7 	         -6.8 	        128.4 	         -6.5 	          1.7 	          1.0 	         47.8 	     -66000.0 	      15500.0 	          6.7 	          NaN 
NaN   	 128+01-103   	        128.1 	          0.9 	        128.4 	          0.6 	          3.2 	          2.0 	         10.4 	    -103100.0 	       9300.0 	         14.4 	          NaN 
NaN   	 127-01-082   	        127.9 	         -1.7 	        127.5 	         -1.0 	          3.5 	          2.7 	         -5.6 	     -82500.0 	      18600.0 	          9.3 	          NaN 
NaN   	 127-02-069   	        127.7 	         -2.4 	        127.4 	         -1.6 	          2.5 	          1.9 	         27.0 	     -69100.0 	      13400.0 	          7.0 	          NaN 
NaN   	 127-05-066*   	        127.2 	         -5.1 	        126.9 	         -4.7 	          1.8 	          1.5 	         -1.8 	     -66000.0 	      11300.0 	          6.6 	          NaN 
NaN   	 126+00-112   	        126.7 	         -0.2 	        126.3 	         -0.3 	          2.0 	          1.9 	          6.4 	    -112300.0 	       9300.0 	         17.0 	          NaN 
NaN   	 126+05-123   	        126.5 	          4.7 	        126.3 	          4.9 	          2.4 	          1.9 	         58.5 	    -122600.0 	      15500.0 	         21.6 	          NaN 
NaN   	 126+01-061   	        126.5 	          1.3 	        126.0 	          1.4 	          1.6 	          1.2 	         26.6 	     -60800.0 	       7200.0 	          5.8 	          NaN 
NaN   	 125-04-072   	        124.8 	         -4.4 	        125.2 	         -4.2 	          1.7 	          1.4 	        118.7 	     -72100.0 	      26800.0 	          7.3 	          NaN 
NaN   	 123+01-060*   	        122.9 	         -0.2 	        123.0 	          0.8 	          1.6 	          1.5 	        -40.6 	     -59800.0 	      12400.0 	          5.6 	          NaN 
NaN   	 121+24-023*   	        120.8 	         23.5 	        121.2 	         23.7 	          5.4 	          3.9 	        111.2 	     -22700.0 	      20600.0 	          2.0 	          NaN 
NaN   	 120+02-059*   	        120.2 	          2.4 	        120.5 	          2.4 	          1.5 	          1.1 	         12.8 	     -58700.0 	      10300.0 	          5.4 	          NaN 
NaN   	 120+03-095   	        120.7 	          3.3 	        120.4 	          2.7 	          3.2 	          2.3 	          5.1 	     -94800.0 	      16500.0 	         10.9 	          NaN 
NaN   	 120-17-043*   	        118.7 	        -17.1 	        119.8 	        -16.7 	          6.0 	          4.3 	         77.2 	     -43300.0 	      29900.0 	          4.0 	          NaN 
NaN   	 116+02-061*   	        116.7 	          1.2 	        116.5 	          1.5 	          1.5 	          1.1 	         18.2 	     -60800.0 	       9300.0 	          5.7 	          NaN 
NaN   	 116+06-059*   	        116.6 	          6.7 	        116.4 	          5.5 	          2.4 	          1.9 	        126.9 	     -58700.0 	      13400.0 	          5.5 	          NaN 
NaN   	 116+04-089   	        116.2 	          3.8 	        116.0 	          3.6 	          1.6 	          1.0 	         21.8 	     -88600.0 	       8200.0 	          9.5 	          NaN 
NaN   	 116-09-062*   	        115.9 	        -10.2 	        115.9 	         -9.4 	          2.1 	          1.6 	        -19.8 	     -61800.0 	      24700.0 	          6.0 	          NaN 
NaN   	 115-01-059   	        114.7 	         -1.3 	        114.9 	         -0.7 	          1.5 	          1.2 	         49.9 	     -58700.0 	      15500.0 	          5.5 	          NaN 
NaN   	 115+04-048*   	        114.4 	          5.7 	        114.7 	          4.0 	          3.0 	          2.6 	         25.5 	     -48400.0 	      12400.0 	          4.5 	          NaN 
NaN   	 114+02-112   	        114.7 	          2.4 	        114.3 	          1.8 	          1.9 	          1.5 	        128.1 	    -112300.0 	       9300.0 	         14.0 	          NaN 
NaN   	 114-01-099   	        114.1 	         -2.8 	        114.0 	         -0.9 	          2.7 	          2.1 	         73.8 	     -98900.0 	      13400.0 	         11.2 	          NaN 
NaN   	 114+00-044*   	        113.6 	          0.5 	        113.8 	          0.3 	          2.2 	          1.6 	        -26.0 	     -44300.0 	      12400.0 	          4.1 	          NaN 
NaN   	 113+18-023   	        113.8 	         18.3 	        113.4 	         18.3 	          4.2 	          3.6 	         66.1 	     -22700.0 	      18600.0 	          2.1 	          NaN 
NaN   	 113-02-107   	        113.8 	         -2.2 	        113.2 	         -2.2 	          2.7 	          2.0 	         77.4 	    -107200.0 	      17500.0 	         12.8 	          NaN 
NaN   	 113+01-086*   	        113.4 	          0.3 	        113.0 	          0.9 	          1.9 	          1.5 	         -1.8 	     -85500.0 	      12400.0 	          9.0 	          NaN 
NaN   	 113+09-077*   	        113.2 	          9.0 	        112.7 	          8.8 	          2.2 	          1.4 	          8.8 	     -77300.0 	      34000.0 	          7.9 	          NaN 
NaN   	 113+05-063   	        112.7 	          5.9 	        112.5 	          5.2 	          2.0 	          1.6 	        130.0 	     -62900.0 	      18600.0 	          6.1 	          NaN 
NaN   	 112+08-130   	        112.9 	          9.0 	        112.3 	          8.4 	          2.2 	          1.3 	        -29.7 	    -129900.0 	      12400.0 	         19.3 	          NaN 
NaN   	 112+20-035*   	        115.2 	         21.2 	        111.8 	         20.3 	          7.8 	          6.2 	        135.0 	     -35000.0 	      15500.0 	          3.4 	          NaN 
NaN   	 111+04-109   	        110.9 	          3.7 	        111.0 	          3.8 	          1.4 	          1.1 	         -0.9 	    -109200.0 	       9300.0 	         13.1 	          NaN 
NaN   	 111+08-075*   	        111.2 	          8.8 	        111.0 	          7.6 	          2.0 	          1.8 	         91.7 	     -75200.0 	      11300.0 	          7.7 	          NaN 
NaN   	 111+33-081   	        110.9 	         32.9 	        110.7 	         33.2 	          1.9 	          0.8 	         -6.1 	     -81400.0 	      19600.0 	         10.8 	          NaN 
NaN   	 111+03-080   	        110.8 	          3.3 	        110.5 	          3.3 	          1.1 	          0.5 	        -11.3 	     -80400.0 	       9300.0 	          8.3 	          NaN 
NaN   	 110+02-117   	        110.0 	          0.8 	        110.3 	          2.2 	          4.5 	          2.7 	         19.6 	    -117500.0 	      20600.0 	         14.9 	          NaN 
NaN   	 110+05-114   	        110.1 	          5.7 	        110.0 	          5.4 	          1.7 	          1.1 	          0.1 	    -114400.0 	      14400.0 	         14.3 	          NaN 
NaN   	 108+24-029   	        108.7 	         23.3 	        107.7 	         23.5 	          2.7 	          2.2 	         18.8 	     -28900.0 	      16500.0 	          3.1 	          NaN 
NaN   	 107+04-052*   	        106.7 	          5.3 	        107.4 	          4.0 	          2.5 	          2.1 	         53.1 	     -51500.0 	      11300.0 	          5.2 	          NaN 
NaN   	 107+07-107   	        107.1 	          6.7 	        107.2 	          6.6 	          1.6 	          0.9 	        -11.4 	    -107200.0 	      12400.0 	         12.8 	          NaN 
NaN   	 107+09-128   	        106.8 	         10.3 	        106.8 	          8.9 	          2.7 	          2.1 	         -4.2 	    -127800.0 	       9300.0 	         17.9 	          NaN 
NaN   	 107+07-119   	        106.2 	          7.3 	        106.7 	          7.5 	          2.8 	          2.3 	        -24.0 	    -118500.0 	      21600.0 	         15.2 	          NaN 
NaN   	 106-10-043*   	        106.4 	        -10.1 	        106.4 	         -9.8 	          2.6 	          1.6 	        -32.8 	     -43300.0 	      23700.0 	          4.4 	          NaN 
NaN   	 105+09-021   	        105.4 	          7.7 	        105.3 	          8.9 	          3.9 	          3.2 	         -1.5 	     -20600.0 	      27800.0 	          2.2 	          NaN 
NaN   	 104-20-035*   	        105.9 	        -20.3 	        104.2 	        -19.9 	          4.2 	          2.6 	         31.9 	     -35000.0 	      28900.0 	          3.8 	          NaN 
NaN   	 104+06-092*   	        103.4 	          7.3 	        103.5 	          6.1 	          3.3 	          2.4 	         58.9 	     -91700.0 	      27800.0 	         10.3 	          NaN 
NaN   	 103+08-129   	        102.6 	          8.8 	        103.4 	          8.2 	          4.9 	          2.4 	          1.7 	    -128800.0 	      18600.0 	         17.9 	          NaN 
NaN   	 103+03-113   	        102.1 	          0.8 	        102.7 	          2.6 	          3.0 	          2.3 	         11.0 	    -113400.0 	       7200.0 	         13.9 	          NaN 
NaN   	 102+00-085*   	        103.2 	         -2.0 	        102.2 	         -0.2 	          6.7 	          3.1 	         -4.1 	     -84500.0 	      10300.0 	          9.2 	          NaN 
NaN   	 101+26-042*   	        100.6 	         26.8 	        100.6 	         26.2 	          2.1 	          1.7 	        114.3 	     -42300.0 	      26800.0 	          5.3 	          NaN 
NaN   	 100+05-101   	         99.8 	          5.6 	         99.9 	          5.0 	          1.7 	          0.9 	          0.6 	    -101000.0 	      15500.0 	         12.0 	          NaN 
NaN   	 100+29-042*   	         99.9 	         29.7 	         99.9 	         28.8 	          1.8 	          1.5 	         95.6 	     -42300.0 	      27800.0 	          5.5 	          NaN 
NaN   	 100+37-057   	         99.1 	         37.3 	         99.5 	         37.4 	          2.6 	          1.8 	        -18.8 	     -56700.0 	       7200.0 	          7.9 	          NaN 
NaN   	 099-09-030*   	         98.9 	        -10.2 	         99.0 	         -9.3 	          2.8 	          2.4 	         92.9 	     -29900.0 	      21600.0 	          3.7 	          NaN 
NaN   	 098-01-046*   	         97.9 	         -1.2 	         98.0 	         -1.0 	          1.8 	          0.8 	         -2.9 	     -46400.0 	      13400.0 	          5.4 	          NaN 
NaN   	 098+01-048*   	         97.3 	          0.8 	         97.6 	          0.7 	          2.3 	          1.3 	         -4.1 	     -48400.0 	      11300.0 	          5.7 	          NaN 
NaN   	 097+00-028   	         97.2 	          0.8 	         96.9 	          0.4 	          2.3 	          1.5 	        132.3 	     -27800.0 	      21600.0 	          3.6 	          NaN 
NaN   	 094+08-043*   	         92.7 	          7.8 	         94.3 	          7.6 	          5.9 	          3.3 	        -18.3 	     -43300.0 	      15500.0 	          5.8 	          NaN 
NaN   	 092+03-113   	         91.7 	          2.3 	         91.7 	          3.0 	          1.9 	          1.5 	        101.3 	    -113400.0 	      17500.0 	         14.9 	          NaN 
NaN   	 091+08-035*   	         91.1 	          7.3 	         91.4 	          7.6 	          3.6 	          3.3 	        -33.5 	     -35000.0 	      23700.0 	          5.2 	          NaN 
NaN   	 091-04-067*   	         91.9 	         -4.0 	         91.0 	         -3.6 	          4.6 	          2.7 	          1.7 	     -67000.0 	      35000.0 	          8.4 	          NaN 
NaN   	 091+06-115   	         90.7 	          6.3 	         90.7 	          5.8 	          2.3 	          1.6 	        -36.1 	    -115400.0 	       9300.0 	         15.6 	          NaN 
NaN   	 